1 0.346875 0.60625 0.3484375 0.6145833333333334 0.34375 0.6145833333333334 0.340625 0.6104166666666667 0.340625 0.6083333333333333 0.3453125 0.60625
1 0.34375 0.6291666666666667 0.34375 0.6166666666666667 0.3453125 0.6145833333333334 0.35 0.61875 0.35 0.6270833333333333 0.3453125 0.6291666666666667
1 0.34375 0.6104166666666667 0.3484375 0.6145833333333334 0.35 0.625 0.3375 0.6416666666666667 0.325 0.6395833333333333 0.3234375 0.6375 0.3234375 0.6270833333333333 0.325 0.61875 0.33125 0.60625 0.3359375 0.60625 0.3421875 0.6104166666666667
1 0.3265625 0.61875 0.33125 0.6229166666666667 0.3296875 0.6395833333333333 0.325 0.6395833333333333 0.3234375 0.6375 0.3234375 0.625 0.3265625 0.6208333333333333
1 0.3421875 0.6125 0.34375 0.61875 0.340625 0.625 0.3359375 0.6208333333333333 0.3359375 0.6125 0.3375 0.6104166666666667 0.340625 0.6125
1 0.334375 0.6083333333333333 0.334375 0.61875 0.33125 0.6229166666666667 0.3265625 0.6229166666666667 0.325 0.61875 0.3328125 0.6083333333333333
1 0.3375 0.6208333333333333 0.340625 0.6208333333333333 0.3453125 0.6270833333333333 0.3421875 0.6333333333333333 0.3359375 0.625 0.3375 0.6229166666666667
1 0.3328125 0.625 0.3359375 0.625 0.340625 0.6333333333333333 0.3390625 0.6395833333333333 0.334375 0.6416666666666667 0.33125 0.6354166666666666 0.3328125 0.6270833333333333
1 0.3453125 0.6125 0.346875 0.6145833333333334 0.3453125 0.61875 0.3390625 0.6166666666666667 0.340625 0.6104166666666667 0.34375 0.6125
1 0.3484375 0.6104166666666667 0.346875 0.6166666666666667 0.3421875 0.6145833333333334 0.34375 0.6083333333333333 0.346875 0.6104166666666667
1 0.334375 0.63125 0.3390625 0.6333333333333333 0.3390625 0.6416666666666667 0.3328125 0.6416666666666667 0.334375 0.6333333333333333
3 0.9890625 0.6291666666666667 0.9984375 0.6333333333333333 0.9984375 0.5375 0.9828125 0.5416666666666666 0.9890625 0.6291666666666667