1 0.746875 0.5833333333333334 0.75 0.5708333333333333 0.75625 0.56875 0.759375 0.575 0.7578125 0.5833333333333334 0.7546875 0.5875 0.7484375 0.5854166666666667
1 0.74375 0.5958333333333333 0.7515625 0.5958333333333333 0.7546875 0.6020833333333333 0.7546875 0.6083333333333333 0.7515625 0.6166666666666667 0.7453125 0.6166666666666667 0.7421875 0.6104166666666667 0.7421875 0.6 0.74375 0.5979166666666667
1 0.775 0.5895833333333333 0.78125 0.5979166666666667 0.7734375 0.6083333333333333 0.7671875 0.6 0.7671875 0.5958333333333333 0.7734375 0.5895833333333333
1 0.7796875 0.5895833333333333 0.0125 0.020833333333333332
1 0.7546875 0.5875 0.7609375 0.5895833333333333 0.7625 0.59375 0.7546875 0.6020833333333333 0.753125 0.5958333333333333 0.7546875 0.5895833333333333
1 0.7484375 0.5854166666666667 0.7515625 0.5875 0.7515625 0.59375 0.74375 0.5958333333333333 0.7421875 0.5895833333333333 0.746875 0.5854166666666667
1 0.775 0.5875 0.7828125 0.5875 0.784375 0.5895833333333333 0.784375 0.6 0.778125 0.6041666666666666 0.778125 0.59375 0.7734375 0.5916666666666667 0.775 0.5895833333333333
1 0.771875 0.5916666666666667 0.7765625 0.5958333333333333 0.784375 0.5979166666666667 0.78125 0.6041666666666666 0.771875 0.60625 0.775 0.6 0.771875 0.59375
1 0.753125 0.59375 0.7546875 0.5958333333333333 0.753125 0.60625 0.7484375 0.6020833333333333 0.7453125 0.6041666666666666 0.740625 0.6020833333333333 0.740625 0.5979166666666667 0.74375 0.59375 0.7515625 0.59375
1 0.76640625 0.584375 0.0140625 0.022916666666666665
1 0.765625 0.5979166666666667 0.7703125 0.6083333333333333 0.7671875 0.61875 0.7609375 0.61875 0.75625 0.6125 0.75625 0.6020833333333333 0.7609375 0.5958333333333333 0.7640625 0.5979166666666667