5 0.525 0.1875 0.5234375 0.17708333333333334 0.525 0.15833333333333333 0.53125 0.14166666666666666 0.5390625 0.14166666666666666 0.540625 0.14375 0.5421875 0.1875 0.5265625 0.1875
5 0.50625 0.052083333333333336 0.51875 0.052083333333333336 0.5203125 0.05416666666666667 0.5203125 0.06666666666666667 0.5171875 0.07291666666666667 0.5109375 0.07291666666666667 0.5046875 0.06875 0.5046875 0.05625 0.50625 0.05416666666666667
5 0.5296875 0.075 0.53125 0.07708333333333334 0.5296875 0.10833333333333334 0.525 0.1125 0.5203125 0.1125 0.515625 0.10833333333333334 0.515625 0.0875 0.5171875 0.07916666666666666 0.521875 0.07291666666666667 0.528125 0.075
5 0.421875 0.17708333333333334 0.4234375 0.19375 0.41875 0.21666666666666667 0.4171875 0.22291666666666668 0.409375 0.23125 0.40625 0.22916666666666666 0.4046875 0.18125 0.409375 0.17291666666666666 0.4171875 0.17291666666666666 0.4203125 0.17708333333333334
5 0.5140625 0.1875 0.5171875 0.2 0.5171875 0.22291666666666668 0.515625 0.23125 0.5125 0.23541666666666666 0.4953125 0.23541666666666666 0.49375 0.23333333333333334 0.4953125 0.20208333333333334 0.5 0.18958333333333333 0.5015625 0.1875 0.5125 0.1875
5 0.49375 0.1375 0.496875 0.13958333333333334 0.4984375 0.14583333333333334 0.4984375 0.17083333333333334 0.4953125 0.18125 0.490625 0.18541666666666667 0.4859375 0.18541666666666667 0.48125 0.18125 0.48125 0.16041666666666668 0.4859375 0.14166666666666666 0.4921875 0.1375
5 0.4140625 0.05 0.4296875 0.05 0.4296875 0.058333333333333334 0.4234375 0.06875 0.41875 0.06875 0.4125 0.06458333333333334 0.4140625 0.052083333333333336
5 0.4625 0.17708333333333334 0.4671875 0.17916666666666667 0.471875 0.18541666666666667 0.4703125 0.20416666666666666 0.4671875 0.2125 0.4671875 0.22291666666666668 0.4640625 0.22916666666666666 0.4515625 0.22916666666666666 0.446875 0.21875 0.45 0.19375 0.4546875 0.18541666666666667 0.4546875 0.18125 0.4609375 0.17708333333333334
5 0.484375 0.06666666666666667 0.484375 0.05416666666666667 0.4859375 0.052083333333333336 0.5 0.052083333333333336 0.5015625 0.05416666666666667 0.5015625 0.0625 0.496875 0.07083333333333333 0.4921875 0.06666666666666667 0.4859375 0.06666666666666667
5 0.5390625 0.19166666666666668 0.5421875 0.19791666666666666 0.5421875 0.21458333333333332 0.540625 0.21666666666666667 0.5390625 0.2375 0.5359375 0.24375 0.525 0.24375 0.5203125 0.23958333333333334 0.5203125 0.2125 0.5234375 0.20416666666666666 0.5234375 0.19583333333333333 0.5265625 0.19166666666666668 0.53125 0.18958333333333333 0.5375 0.19166666666666668
5 0.5484375 0.07291666666666667 0.5515625 0.07708333333333334 0.5515625 0.09375 0.5484375 0.11041666666666666 0.5359375 0.11458333333333333 0.5328125 0.1 0.5359375 0.07916666666666666 0.5390625 0.07291666666666667 0.546875 0.07291666666666667
5 0.5453125 0.052083333333333336 0.5484375 0.05625 0.5484375 0.07083333333333333 0.540625 0.07083333333333333 0.5359375 0.075 0.5359375 0.05416666666666667 0.54375 0.052083333333333336
5 0.40625 0.06875 0.4140625 0.06666666666666667 0.421875 0.07291666666666667 0.41875 0.09375 0.4125 0.1 0.4046875 0.1 0.403125 0.09791666666666667 0.403125 0.07916666666666666 0.40625 0.07083333333333333
5 0.5171875 0.13958333333333334 0.5203125 0.15625 0.5203125 0.16875 0.5171875 0.18541666666666667 0.5109375 0.18333333333333332 0.5046875 0.18541666666666667 0.5 0.18125 0.5015625 0.15833333333333333 0.5046875 0.14583333333333334 0.5078125 0.13958333333333334 0.515625 0.13958333333333334
5 0.428125 0.13125 0.4328125 0.13333333333333333 0.4375 0.14166666666666666 0.4359375 0.15833333333333333 0.43125 0.17291666666666666 0.4265625 0.17916666666666667 0.4234375 0.17916666666666667 0.4171875 0.17083333333333334 0.4140625 0.17083333333333334 0.4109375 0.16666666666666666 0.4203125 0.13541666666666666 0.4265625 0.13333333333333333
5 0.434375 0.0625 0.440625 0.06875 0.440625 0.075 0.4359375 0.1 0.4328125 0.10416666666666667 0.4203125 0.10208333333333333 0.4203125 0.08958333333333333 0.4234375 0.075 0.4328125 0.0625
5 0.475 0.06875 0.478125 0.07291666666666667 0.478125 0.08333333333333333 0.4765625 0.09375 0.471875 0.10416666666666667 0.4625 0.10416666666666667 0.459375 0.1 0.459375 0.08125 0.465625 0.06875 0.4734375 0.06875
5 0.403125 0.05 0.4125 0.05 0.4109375 0.06458333333333334 0.4046875 0.06875 0.4015625 0.06458333333333334 0.403125 0.052083333333333336
5 0.465625 0.052083333333333336 0.4640625 0.06666666666666667 0.459375 0.07083333333333333 0.4484375 0.06458333333333334 0.446875 0.05416666666666667 0.4546875 0.05 0.4625 0.05 0.4640625 0.052083333333333336
5 0.515625 0.07708333333333334 0.5125 0.10416666666666667 0.509375 0.10833333333333334 0.5 0.10833333333333334 0.496875 0.10416666666666667 0.496875 0.0875 0.503125 0.07291666666666667 0.5078125 0.07291666666666667 0.5140625 0.07708333333333334
5 0.4734375 0.13541666666666666 0.478125 0.13958333333333334 0.4765625 0.17708333333333334 0.4734375 0.18125 0.4703125 0.18125 0.4671875 0.17708333333333334 0.459375 0.175 0.459375 0.1625 0.4625 0.14583333333333334 0.4671875 0.1375 0.471875 0.1375
5 0.434375 0.175 0.440625 0.14166666666666666 0.4484375 0.12916666666666668 0.45625 0.12916666666666668 0.459375 0.13541666666666666 0.459375 0.15833333333333333 0.45625 0.17291666666666666 0.4515625 0.18125 0.4359375 0.175
5 0.4421875 0.06666666666666667 0.4390625 0.0625 0.43125 0.0625 0.4296875 0.06041666666666667 0.43125 0.052083333333333336 0.4328125 0.05 0.44375 0.05 0.4453125 0.052083333333333336 0.4453125 0.0625 0.44375 0.06458333333333334
5 0.4046875 0.12916666666666668 0.4125 0.12916666666666668 0.415625 0.1375 0.415625 0.15 0.4078125 0.17083333333333334 0.4046875 0.17083333333333334 0.4046875 0.13125
5 0.4515625 0.06666666666666667 0.4578125 0.07083333333333333 0.4578125 0.08333333333333333 0.45625 0.09375 0.453125 0.10208333333333333 0.45 0.10416666666666667 0.4421875 0.10416666666666667 0.4375 0.1 0.4375 0.09166666666666666 0.4421875 0.07291666666666667 0.45 0.06666666666666667
5 0.48125 0.052083333333333336 0.4828125 0.06666666666666667 0.4796875 0.07291666666666667 0.4734375 0.06666666666666667 0.4671875 0.06666666666666667 0.4671875 0.05416666666666667 0.46875 0.052083333333333336 0.4796875 0.052083333333333336
5 0.4796875 0.10625 0.478125 0.09166666666666666 0.4859375 0.06875 0.49375 0.06875 0.49375 0.10208333333333333 0.490625 0.10625 0.48125 0.10625
5 0.4421875 0.17916666666666667 0.446875 0.18333333333333332 0.4453125 0.21041666666666667 0.4421875 0.22291666666666668 0.4390625 0.22708333333333333 0.43125 0.22708333333333333 0.4296875 0.22916666666666666 0.4234375 0.22708333333333333 0.4203125 0.21875 0.4234375 0.19583333333333333 0.43125 0.18125 0.440625 0.17916666666666667
5 0.534375 0.052083333333333336 0.5359375 0.05416666666666667 0.5359375 0.07083333333333333 0.5328125 0.075 0.521875 0.07291666666666667 0.5234375 0.05416666666666667 0.525 0.052083333333333336 0.5328125 0.052083333333333336
5 0.4875 0.18958333333333333 0.4921875 0.19583333333333333 0.4921875 0.21666666666666667 0.490625 0.225 0.4859375 0.23333333333333334 0.4734375 0.23333333333333334 0.46875 0.22291666666666668 0.4734375 0.19583333333333333 0.4765625 0.19166666666666668 0.4859375 0.18958333333333333