1 0.3953125 0.41041666666666665 0.4078125 0.425 0.425 0.42291666666666666 0.4390625 0.39375 0.4296875 0.3458333333333333 0.4078125 0.33958333333333335 0.39375 0.3625 0.3953125 0.41041666666666665
1 0.396875 0.34375 0.409375 0.3375 0.4296875 0.34375 0.434375 0.32916666666666666 0.41875 0.3020833333333333 0.40625 0.30625 0.3984375 0.325 0.396875 0.34375
1 0.4484375 0.42291666666666666 0.4578125 0.4354166666666667 0.475 0.4354166666666667 0.4859375 0.40625 0.4796875 0.36666666666666664 0.4703125 0.3541666666666667 0.4578125 0.3541666666666667 0.4453125 0.3729166666666667 0.4484375 0.42291666666666666
1 0.4328125 0.35 0.4421875 0.38333333333333336 0.4484375 0.3625 0.4703125 0.3541666666666667 0.4703125 0.34375 0.459375 0.31875 0.4359375 0.33125 0.4328125 0.35
1 0.48125 0.3645833333333333 0.490625 0.39791666666666664 0.5 0.4 0.5234375 0.3770833333333333 0.5109375 0.33958333333333335 0.4984375 0.33541666666666664 0.4859375 0.3458333333333333 0.48125 0.3645833333333333
1 0.503125 0.3333333333333333 0.5171875 0.3458333333333333 0.5234375 0.375 0.5296875 0.3770833333333333 0.540625 0.3458333333333333 0.5359375 0.31666666666666665 0.5234375 0.3 0.5109375 0.3020833333333333 0.5046875 0.3145833333333333 0.503125 0.3333333333333333
1 0.4625 0.32083333333333336 0.4796875 0.35 0.5015625 0.32916666666666666 0.503125 0.29791666666666666 0.490625 0.27291666666666664 0.475 0.275 0.4640625 0.30625 0.4625 0.32083333333333336
1 0.421875 0.28541666666666665 0.4296875 0.31666666666666665 0.4359375 0.3229166666666667 0.4515625 0.31666666666666665 0.4609375 0.28541666666666665 0.45625 0.25833333333333336 0.4421875 0.24583333333333332 0.4265625 0.2604166666666667 0.421875 0.28541666666666665
1 0.4625 0.32083333333333336 0.4734375 0.3458333333333333 0.4796875 0.35 0.5015625 0.32916666666666666 0.503125 0.29791666666666666 0.490625 0.27291666666666664 0.475 0.275 0.465625 0.29583333333333334 0.4625 0.32083333333333336
1 0.415625 0.3 0.4203125 0.30625 0.421875 0.30625 0.428125 0.3125 0.425 0.30416666666666664 0.425 0.29583333333333334 0.4234375 0.29375 0.421875 0.28125 0.41875 0.28541666666666665 0.415625 0.3
1 0.45625 0.3145833333333333 0.4625 0.31875 0.4671875 0.28541666666666665 0.4625 0.28541666666666665 0.459375 0.29583333333333334 0.45625 0.3145833333333333