3 0.11875 0.48333333333333334 0.1609375 0.48125 0.1625 0.375 0.1234375 0.38125 0.11875 0.39166666666666666 0.11875 0.48333333333333334
5 0.640625 0.40208333333333335 0.6390625 0.4041666666666667 0.6390625 0.43125 0.6421875 0.43333333333333335 0.6515625 0.43333333333333335 0.6578125 0.4270833333333333 0.6578125 0.4166666666666667 0.659375 0.41458333333333336 0.659375 0.39166666666666666 0.6578125 0.38958333333333334 0.6578125 0.38333333333333336 0.653125 0.38333333333333336 0.6515625 0.38125 0.6453125 0.38333333333333336 0.6421875 0.3854166666666667 0.640625 0.39166666666666666 0.640625 0.40208333333333335
5 0.6140625 0.4 0.6140625 0.4270833333333333 0.615625 0.43125 0.6203125 0.43125 0.621875 0.42916666666666664 0.6296875 0.42916666666666664 0.634375 0.42291666666666666 0.634375 0.4083333333333333 0.6359375 0.40625 0.6359375 0.38958333333333334 0.634375 0.38333333333333336 0.63125 0.38125 0.621875 0.38333333333333336 0.61875 0.3854166666666667 0.615625 0.39375 0.6140625 0.4
5 0.59375 0.4125 0.5921875 0.41458333333333336 0.5921875 0.42291666666666666 0.59375 0.4270833333333333 0.5953125 0.42916666666666664 0.6046875 0.42916666666666664 0.6078125 0.4270833333333333 0.609375 0.425 0.6109375 0.4125 0.6125 0.41041666666666665 0.6125 0.3958333333333333 0.6140625 0.39375 0.6125 0.3875 0.6078125 0.3875 0.60625 0.3854166666666667 0.6015625 0.3854166666666667 0.5984375 0.3875 0.5953125 0.3958333333333333 0.5953125 0.40208333333333335 0.59375 0.4041666666666667 0.59375 0.4125
5 0.5734375 0.41041666666666665 0.5734375 0.42291666666666666 0.5765625 0.4270833333333333 0.58125 0.42916666666666664 0.5859375 0.4270833333333333 0.590625 0.41875 0.59375 0.39791666666666664 0.59375 0.38333333333333336 0.590625 0.37916666666666665 0.584375 0.37916666666666665 0.5796875 0.38333333333333336 0.5765625 0.39166666666666666 0.5734375 0.41041666666666665
5 0.5546875 0.40625 0.553125 0.4083333333333333 0.553125 0.425 0.55625 0.42916666666666664 0.565625 0.42916666666666664 0.56875 0.42291666666666666 0.5734375 0.40625 0.575 0.3854166666666667 0.5734375 0.38333333333333336 0.5640625 0.38333333333333336 0.5578125 0.38958333333333334 0.5546875 0.39791666666666664 0.5546875 0.40625
5 0.540625 0.3854166666666667 0.540625 0.43125 0.5421875 0.43333333333333335 0.546875 0.42916666666666664 0.55 0.42083333333333334 0.55 0.41041666666666665 0.5515625 0.4083333333333333 0.5546875 0.3958333333333333 0.5546875 0.3875 0.55 0.38125 0.5421875 0.38125 0.540625 0.3854166666666667
5 0.5390625 0.3541666666666667 0.5390625 0.3625 0.540625 0.3645833333333333 0.540625 0.37916666666666665 0.5421875 0.38125 0.546875 0.3729166666666667 0.546875 0.36666666666666664 0.5484375 0.3645833333333333 0.5484375 0.35 0.5453125 0.3458333333333333 0.540625 0.34791666666666665 0.5390625 0.3541666666666667
5 0.55 0.36666666666666664 0.5484375 0.36875 0.546875 0.37916666666666665 0.5484375 0.37916666666666665 0.55625 0.3875 0.5625 0.37916666666666665 0.5640625 0.375 0.5640625 0.36666666666666664 0.565625 0.3645833333333333 0.565625 0.34791666666666665 0.5640625 0.3458333333333333 0.55625 0.3458333333333333 0.55 0.35833333333333334 0.55 0.36666666666666664
5 0.56875 0.35833333333333334 0.5671875 0.36041666666666666 0.5640625 0.37916666666666665 0.565625 0.38125 0.5765625 0.3854166666666667 0.58125 0.37916666666666665 0.5828125 0.3625 0.584375 0.36041666666666666 0.584375 0.34791666666666665 0.5828125 0.3416666666666667 0.58125 0.33958333333333335 0.5734375 0.3416666666666667 0.5703125 0.3458333333333333 0.56875 0.35208333333333336 0.56875 0.35833333333333334
5 0.584375 0.37916666666666665 0.5921875 0.37916666666666665 0.5953125 0.38333333333333336 0.5984375 0.37916666666666665 0.6 0.3729166666666667 0.6 0.34375 0.5953125 0.3416666666666667 0.590625 0.34375 0.5875 0.34791666666666665 0.5859375 0.3541666666666667 0.584375 0.37916666666666665
5 0.603125 0.37083333333333335 0.6015625 0.3729166666666667 0.6015625 0.37916666666666665 0.603125 0.38333333333333336 0.6125 0.3854166666666667 0.6171875 0.3770833333333333 0.6171875 0.36875 0.61875 0.36666666666666664 0.61875 0.3458333333333333 0.615625 0.3416666666666667 0.6109375 0.34375 0.6046875 0.3541666666666667 0.603125 0.36041666666666666 0.603125 0.37083333333333335
5 0.6203125 0.35833333333333334 0.621875 0.36041666666666666 0.621875 0.36875 0.6203125 0.37083333333333335 0.621875 0.37916666666666665 0.6234375 0.38125 0.6265625 0.38125 0.628125 0.37916666666666665 0.6359375 0.37916666666666665 0.6375 0.375 0.6375 0.34375 0.6359375 0.33958333333333335 0.6328125 0.3375 0.628125 0.33958333333333335 0.625 0.34375 0.621875 0.35208333333333336 0.6203125 0.35833333333333334
5 0.6421875 0.3645833333333333 0.640625 0.36666666666666664 0.640625 0.38125 0.6421875 0.38333333333333336 0.6578125 0.38125 0.659375 0.375 0.659375 0.35208333333333336 0.6578125 0.35 0.6578125 0.3375 0.6546875 0.33541666666666664 0.6484375 0.3375 0.6421875 0.3541666666666667 0.6421875 0.3645833333333333
5 0.65 0.2875 0.65 0.30625 0.653125 0.3125 0.6609375 0.3125 0.6640625 0.3104166666666667 0.6640625 0.29791666666666666 0.665625 0.29583333333333334 0.665625 0.28958333333333336 0.6640625 0.2875 0.6640625 0.27291666666666664 0.6609375 0.275 0.65625 0.275 0.653125 0.27708333333333335 0.6515625 0.28125 0.65 0.2875
5 0.6328125 0.29791666666666666 0.6328125 0.30833333333333335 0.6359375 0.31666666666666665 0.6390625 0.3145833333333333 0.64375 0.31666666666666665 0.6453125 0.30416666666666664 0.646875 0.3020833333333333 0.646875 0.2791666666666667 0.6453125 0.27708333333333335 0.6390625 0.27708333333333335 0.6375 0.2791666666666667 0.6328125 0.29791666666666666
5 0.6171875 0.29375 0.6171875 0.3125 0.6203125 0.3145833333333333 0.625 0.3145833333333333 0.628125 0.3125 0.63125 0.30625 0.63125 0.29791666666666666 0.6328125 0.29583333333333334 0.6328125 0.2833333333333333 0.6234375 0.2833333333333333 0.61875 0.28958333333333336 0.6171875 0.29375
5 0.6015625 0.30416666666666664 0.6 0.30625 0.6 0.3125 0.6015625 0.31666666666666665 0.6078125 0.31666666666666665 0.6109375 0.3145833333333333 0.6140625 0.3104166666666667 0.6140625 0.29583333333333334 0.615625 0.29375 0.615625 0.28541666666666665 0.6125 0.28125 0.60625 0.2833333333333333 0.6015625 0.29583333333333334 0.6015625 0.30416666666666664
5 0.584375 0.29791666666666666 0.584375 0.3145833333333333 0.5859375 0.31666666666666665 0.59375 0.31666666666666665 0.6 0.3 0.6015625 0.2875 0.603125 0.28541666666666665 0.603125 0.2791666666666667 0.6015625 0.27708333333333335 0.5953125 0.2791666666666667 0.5921875 0.2833333333333333 0.5921875 0.28541666666666665 0.5890625 0.28958333333333336 0.5875 0.28958333333333336 0.584375 0.29791666666666666
5 0.5671875 0.30625 0.5671875 0.31666666666666665 0.571875 0.32083333333333336 0.575 0.32083333333333336 0.58125 0.3104166666666667 0.5890625 0.2791666666666667 0.5875 0.27708333333333335 0.578125 0.2791666666666667 0.5703125 0.29375 0.5671875 0.30625
5 0.553125 0.3145833333333333 0.553125 0.3229166666666667 0.5578125 0.325 0.5625 0.3229166666666667 0.565625 0.31666666666666665 0.56875 0.28958333333333336 0.5625 0.28958333333333336 0.559375 0.2916666666666667 0.55625 0.29791666666666666 0.553125 0.3145833333333333
5 0.540625 0.30416666666666664 0.540625 0.3229166666666667 0.54375 0.325 0.55 0.32083333333333336 0.553125 0.3104166666666667 0.5546875 0.29791666666666666 0.546875 0.29583333333333334 0.5421875 0.3 0.540625 0.30416666666666664
5 0.5390625 0.2916666666666667 0.540625 0.29791666666666666 0.546875 0.29583333333333334 0.546875 0.29375 0.55 0.28958333333333336 0.5546875 0.2875 0.5546875 0.2833333333333333 0.54375 0.2833333333333333 0.540625 0.28541666666666665 0.5390625 0.2916666666666667
5 0.5484375 0.28958333333333336 0.55 0.29583333333333334 0.5546875 0.29583333333333334 0.5609375 0.2875 0.5609375 0.2791666666666667 0.5578125 0.2791666666666667 0.55 0.2833333333333333 0.5484375 0.28958333333333336
5 0.5625 0.28125 0.5625 0.2875 0.5640625 0.28958333333333336 0.56875 0.28958333333333336 0.5734375 0.2833333333333333 0.575 0.275 0.565625 0.27708333333333335 0.5625 0.28125
5 0.575 0.2791666666666667 0.575 0.28541666666666665 0.5765625 0.2875 0.578125 0.28541666666666665 0.584375 0.28958333333333336 0.5890625 0.27708333333333335 0.584375 0.27291666666666664 0.5765625 0.27708333333333335 0.575 0.2791666666666667
5 0.5890625 0.27291666666666664 0.590625 0.2833333333333333 0.6015625 0.275 0.6015625 0.2708333333333333 0.5984375 0.26875 0.596875 0.2708333333333333 0.590625 0.2708333333333333 0.5890625 0.27291666666666664
5 0.603125 0.27291666666666664 0.60625 0.28125 0.6078125 0.2791666666666667 0.6171875 0.2791666666666667 0.6203125 0.2708333333333333 0.6203125 0.26875 0.615625 0.26666666666666666 0.6140625 0.26875 0.60625 0.26875 0.603125 0.27291666666666664
5 0.6234375 0.26875 0.6234375 0.2791666666666667 0.625 0.28125 0.6328125 0.28125 0.6359375 0.27708333333333335 0.6359375 0.26458333333333334 0.625 0.26458333333333334 0.6234375 0.26875
5 0.6390625 0.2625 0.6390625 0.27291666666666664 0.6453125 0.2791666666666667 0.65 0.2791666666666667 0.6515625 0.275 0.6515625 0.2604166666666667 0.640625 0.2604166666666667 0.6390625 0.2625