1 0.6828125 0.6020833333333333 0.021875 0.0375
1 0.6703125 0.5895833333333333 0.6671875 0.5833333333333334 0.6671875 0.5729166666666666 0.675 0.5666666666666667 0.68125 0.5729166666666666 0.684375 0.58125 0.678125 0.58125 0.671875 0.5895833333333333
1 0.70078125 0.5885416666666666 0.0203125 0.03125
1 0.6859375 0.5791666666666667 0.6796875 0.5666666666666667 0.6796875 0.55625 0.6875 0.5458333333333333 0.6921875 0.5458333333333333 0.6984375 0.55625 0.696875 0.5708333333333333 0.6875 0.5791666666666667
1 0.6609375 0.5520833333333334 0.671875 0.5666666666666667 0.6640625 0.5708333333333333 0.659375 0.5625 0.6609375 0.5541666666666667
1 0.659375 0.5604166666666667 0.665625 0.5708333333333333 0.665625 0.575 0.6640625 0.5770833333333333 0.6578125 0.575 0.653125 0.5791666666666667 0.6515625 0.5770833333333333 0.653125 0.5666666666666667 0.6578125 0.5625
1 0.653125 0.575 0.653125 0.5666666666666667 0.6578125 0.5583333333333333 0.6609375 0.5604166666666667 0.6609375 0.5645833333333333 0.665625 0.5729166666666666 0.6640625 0.5770833333333333 0.6609375 0.5729166666666666 0.6546875 0.575
1 0.7109375 0.55625 0.715625 0.5645833333333333 0.7171875 0.5729166666666666 0.7171875 0.5791666666666667 0.7140625 0.5875 0.709375 0.5875 0.7078125 0.5791666666666667 0.7 0.5708333333333333 0.7015625 0.5583333333333333 0.709375 0.55625
1 0.659375 0.5604166666666667 0.6640625 0.56875 0.6640625 0.575 0.6625 0.5729166666666666 0.6515625 0.575 0.653125 0.5645833333333333 0.6578125 0.5604166666666667
1 0.671875 0.5354166666666667 0.6765625 0.5395833333333333 0.678125 0.5583333333333333 0.675 0.5645833333333333 0.66875 0.56875 0.665625 0.56875 0.6609375 0.5604166666666667 0.6609375 0.5520833333333334 0.6640625 0.5416666666666666 0.6703125 0.5354166666666667
1 0.6609375 0.6166666666666667 0.65625 0.6145833333333334 0.6515625 0.6083333333333333 0.65 0.6020833333333333 0.65 0.5916666666666667 0.653125 0.58125 0.65625 0.5770833333333333 0.6640625 0.5770833333333333 0.6703125 0.5916666666666667 0.66875 0.6083333333333333 0.6625 0.6145833333333334