5 0.578125 0.06875 0.578125 0.058333333333333334 0.5859375 0.05416666666666667 0.590625 0.05416666666666667 0.59375 0.058333333333333334 0.5921875 0.06458333333333334 0.5875 0.07083333333333333 0.5796875 0.06875
5 0.6484375 0.08020833333333334 0.01875 0.03958333333333333
5 0.603125 0.17708333333333334 0.6109375 0.18333333333333332 0.6109375 0.19583333333333333 0.60625 0.22083333333333333 0.5984375 0.23125 0.5921875 0.23125 0.5875 0.22708333333333333 0.5875 0.2125 0.59375 0.18541666666666667 0.596875 0.17916666666666667 0.6015625 0.17708333333333334
5 0.621875 0.0625 0.61875 0.058333333333333334 0.6125 0.06041666666666667 0.6109375 0.052083333333333336 0.6171875 0.04583333333333333 0.625 0.04583333333333333 0.625 0.058333333333333334 0.6234375 0.06041666666666667
5 0.678125 0.09375 0.6765625 0.07291666666666667 0.6796875 0.05625 0.684375 0.05 0.6921875 0.05 0.69375 0.07708333333333334 0.690625 0.09166666666666666 0.6796875 0.09375
5 0.6640625 0.04583333333333333 0.665625 0.0375 0.66875 0.03333333333333333 0.6796875 0.03125 0.68125 0.04791666666666667 0.678125 0.05416666666666667 0.66875 0.05625 0.665625 0.05416666666666667 0.665625 0.04791666666666667
5 0.6703125 0.058333333333333334 0.6734375 0.0625 0.671875 0.0875 0.66875 0.09583333333333334 0.6609375 0.09791666666666667 0.6578125 0.09375 0.6578125 0.07291666666666667 0.6609375 0.0625 0.6640625 0.058333333333333334 0.66875 0.058333333333333334
5 0.6171875 0.13333333333333333 0.6203125 0.13958333333333334 0.6203125 0.14791666666666667 0.6171875 0.16875 0.6125 0.17916666666666667 0.6015625 0.17708333333333334 0.5984375 0.17291666666666666 0.6046875 0.14166666666666666 0.6078125 0.13541666666666666 0.615625 0.13333333333333333
5 0.5625 0.07708333333333334 0.56875 0.08125 0.56875 0.08958333333333333 0.5640625 0.10833333333333334 0.5578125 0.1125 0.553125 0.11041666666666666 0.553125 0.09166666666666666 0.5546875 0.08333333333333333 0.5609375 0.07708333333333334
5 0.6640625 0.18333333333333332 0.678125 0.18125 0.68125 0.18541666666666667 0.68125 0.20833333333333334 0.678125 0.21875 0.678125 0.22916666666666666 0.675 0.23541666666666666 0.66875 0.2375 0.6640625 0.2375 0.6578125 0.23333333333333334 0.6578125 0.20833333333333334 0.6640625 0.18541666666666667
5 0.57734375 0.09270833333333334 0.0203125 0.04375
5 0.6484375 0.12916666666666668 0.6578125 0.12916666666666668 0.6609375 0.14375 0.659375 0.16458333333333333 0.65625 0.17708333333333334 0.6546875 0.17916666666666667 0.640625 0.17708333333333334 0.6390625 0.17083333333333334 0.640625 0.15416666666666667 0.6484375 0.13125
5 0.553125 0.1375 0.559375 0.13958333333333334 0.5625 0.14583333333333334 0.5609375 0.16041666666666668 0.553125 0.18125 0.5515625 0.17708333333333334 0.553125 0.17083333333333334 0.5515625 0.16666666666666666 0.553125 0.1625 0.5515625 0.14166666666666666 0.553125 0.13958333333333334
5 0.628125 0.04583333333333333 0.6421875 0.03958333333333333 0.6453125 0.041666666666666664 0.6453125 0.052083333333333336 0.640625 0.06041666666666667 0.628125 0.058333333333333334 0.628125 0.04791666666666667
5 0.6015625 0.07083333333333333 0.603125 0.07708333333333334 0.6 0.09375 0.59375 0.10625 0.584375 0.10625 0.5828125 0.10416666666666667 0.5828125 0.09166666666666666 0.5875 0.075 0.590625 0.07083333333333333 0.59375 0.06875 0.6 0.07083333333333333
5 0.565625 0.14375 0.571875 0.13958333333333334 0.5765625 0.13958333333333334 0.5796875 0.14375 0.5796875 0.15833333333333333 0.575 0.17708333333333334 0.56875 0.18541666666666667 0.5609375 0.17708333333333334 0.5578125 0.17708333333333334 0.565625 0.14583333333333334
5 0.578125 0.17916666666666667 0.578125 0.16875 0.58125 0.1625 0.5828125 0.14583333333333334 0.590625 0.13125 0.5984375 0.13125 0.6015625 0.1375 0.6015625 0.15208333333333332 0.5984375 0.16875 0.596875 0.175 0.5890625 0.18333333333333332 0.5796875 0.17916666666666667
5 0.5671875 0.08125 0.5625 0.075 0.5609375 0.06458333333333334 0.565625 0.06041666666666667 0.5765625 0.06041666666666667 0.5765625 0.06666666666666667 0.5734375 0.075 0.56875 0.07916666666666666
5 0.5640625 0.18125 0.5671875 0.19791666666666666 0.5640625 0.20625 0.5609375 0.22708333333333333 0.5546875 0.2375 0.5515625 0.23541666666666666 0.5515625 0.1875 0.55625 0.17916666666666667 0.5625 0.18125
5 0.625 0.1875 0.63125 0.19583333333333333 0.63125 0.20833333333333334 0.6265625 0.225 0.621875 0.23125 0.6109375 0.23125 0.6078125 0.22708333333333333 0.6078125 0.21666666666666667 0.6125 0.19375 0.61875 0.1875 0.6234375 0.1875
5 0.6515625 0.17916666666666667 0.6546875 0.18541666666666667 0.6546875 0.20833333333333334 0.6484375 0.23125 0.64375 0.23333333333333334 0.634375 0.23333333333333334 0.63125 0.22916666666666666 0.6328125 0.2 0.6421875 0.17916666666666667 0.65 0.17916666666666667
5 0.60234375 0.0625 0.0171875 0.020833333333333332
5 0.6265625 0.0625 0.634375 0.06041666666666667 0.6375 0.07083333333333333 0.6359375 0.07291666666666667 0.6359375 0.09166666666666666 0.6328125 0.1 0.6234375 0.10208333333333333 0.6203125 0.1 0.6203125 0.0875 0.6234375 0.06875 0.6265625 0.06458333333333334
5 0.68125 0.125 0.6828125 0.12916666666666668 0.6828125 0.17083333333333334 0.68125 0.17708333333333334 0.6703125 0.17708333333333334 0.66875 0.17916666666666667 0.665625 0.17708333333333334 0.6671875 0.13958333333333334 0.671875 0.12708333333333333 0.6796875 0.125
5 0.68125 0.05 0.68125 0.03125 0.6875 0.027083333333333334 0.69375 0.029166666666666667 0.69375 0.04791666666666667 0.68125 0.052083333333333336
5 0.6015625 0.09375 0.60625 0.07291666666666667 0.6109375 0.06666666666666667 0.6203125 0.06875 0.6203125 0.08125 0.6171875 0.09791666666666667 0.6125 0.10416666666666667 0.6046875 0.10416666666666667 0.603125 0.09583333333333334
5 0.6265625 0.13541666666666666 0.6375 0.13333333333333333 0.640625 0.14166666666666666 0.6375 0.16458333333333333 0.6328125 0.17916666666666667 0.6234375 0.18125 0.6203125 0.17708333333333334 0.6203125 0.15833333333333333 0.6265625 0.1375
5 0.5859375 0.18333333333333332 0.5890625 0.18541666666666667 0.5875 0.20833333333333334 0.5796875 0.23125 0.5765625 0.23333333333333334 0.565625 0.23333333333333334 0.5640625 0.21458333333333332 0.5703125 0.18958333333333333 0.5765625 0.18333333333333332 0.584375 0.18333333333333332
5 0.6609375 0.035416666666666666 0.6625 0.0375 0.6625 0.052083333333333336 0.6578125 0.06041666666666667 0.646875 0.06041666666666667 0.6453125 0.052083333333333336 0.646875 0.05 0.646875 0.03958333333333333 0.659375 0.035416666666666666
3 0.1140625 0.29583333333333334 0.15625 0.29583333333333334 0.1484375 0.17916666666666667 0.10625 0.1875 0.1140625 0.29583333333333334