5 0.7296875 0.53125 0.7421875 0.53125 0.7453125 0.5375 0.74375 0.5666666666666667 0.740625 0.5729166666666666 0.7328125 0.5729166666666666 0.7265625 0.5708333333333333 0.725 0.5666666666666667 0.725 0.5458333333333333 0.7265625 0.5375 0.7296875 0.5333333333333333
5 0.7375 0.42916666666666664 0.740625 0.4375 0.740625 0.45416666666666666 0.7375 0.4583333333333333 0.728125 0.4583333333333333 0.7265625 0.45625 0.728125 0.4354166666666667 0.73125 0.42916666666666664 0.7359375 0.42916666666666664
5 0.7265625 0.41458333333333336 0.7296875 0.42083333333333334 0.7296875 0.4270833333333333 0.725 0.43333333333333335 0.7140625 0.425 0.7140625 0.41875 0.7171875 0.41458333333333336 0.725 0.41458333333333336
5 0.7078125 0.4791666666666667 0.7125 0.49375 0.7125 0.5 0.7109375 0.5020833333333333 0.7109375 0.5145833333333333 0.703125 0.525 0.6984375 0.5208333333333334 0.6921875 0.5208333333333334 0.6890625 0.5166666666666667 0.6890625 0.5125 0.6953125 0.48333333333333334 0.6984375 0.4791666666666667 0.70625 0.4791666666666667
5 0.665625 0.41458333333333336 0.66875 0.4125 0.68125 0.41458333333333336 0.6796875 0.42291666666666666 0.675 0.42916666666666664 0.66875 0.4270833333333333 0.665625 0.42291666666666666 0.665625 0.4166666666666667
5 0.6953125 0.4270833333333333 0.703125 0.425 0.70625 0.42916666666666664 0.709375 0.42916666666666664 0.70625 0.45 0.7 0.4583333333333333 0.690625 0.45416666666666666 0.690625 0.4395833333333333 0.6953125 0.42916666666666664
5 0.78515625 0.446875 0.0171875 0.04375
5 0.728125 0.48541666666666666 0.73125 0.49166666666666664 0.73125 0.5020833333333333 0.728125 0.51875 0.7234375 0.525 0.7203125 0.5208333333333334 0.7125 0.51875 0.7125 0.4979166666666667 0.715625 0.4875 0.7203125 0.48333333333333334 0.7265625 0.48541666666666666
5 0.68125 0.41458333333333336 0.6953125 0.41458333333333336 0.69375 0.42291666666666666 0.68125 0.42291666666666666 0.68125 0.4166666666666667
5 0.7875 0.53125 0.790625 0.5333333333333333 0.7921875 0.5541666666666667 0.79375 0.55625 0.7921875 0.5625 0.79375 0.5708333333333333 0.790625 0.58125 0.775 0.5791666666666667 0.771875 0.5645833333333333 0.775 0.5354166666666667 0.778125 0.53125 0.7859375 0.53125
5 0.6875 0.42291666666666666 0.6921875 0.425 0.6921875 0.43333333333333335 0.6890625 0.4395833333333333 0.6890625 0.45208333333333334 0.684375 0.4583333333333333 0.6765625 0.4583333333333333 0.6734375 0.45416666666666666 0.6734375 0.44166666666666665 0.6765625 0.43125 0.68125 0.425 0.6859375 0.42291666666666666
5 0.6671875 0.4791666666666667 0.6703125 0.48333333333333334 0.6703125 0.4979166666666667 0.665625 0.5125 0.6609375 0.5166666666666667 0.6609375 0.4875 0.665625 0.48125
5 0.7546875 0.43125 0.7578125 0.4354166666666667 0.7578125 0.4583333333333333 0.7546875 0.46041666666666664 0.746875 0.46041666666666664 0.74375 0.45416666666666666 0.7453125 0.4354166666666667 0.7484375 0.43125 0.753125 0.43125
5 0.765625 0.4270833333333333 0.775 0.4354166666666667 0.775 0.45416666666666666 0.771875 0.46458333333333335 0.765625 0.46458333333333335 0.7609375 0.46041666666666664 0.7609375 0.4375 0.7640625 0.42916666666666664
5 0.75 0.5729166666666666 0.7484375 0.5416666666666666 0.753125 0.5291666666666667 0.7640625 0.5291666666666667 0.7671875 0.5333333333333333 0.76875 0.5625 0.7671875 0.5708333333333333 0.7640625 0.575 0.7515625 0.5729166666666666
5 0.6984375 0.4166666666666667 0.709375 0.41458333333333336 0.7140625 0.42083333333333334 0.7125 0.4270833333333333 0.7078125 0.43125 0.7015625 0.425 0.6984375 0.425 0.696875 0.42291666666666666 0.6984375 0.41875
5 0.7203125 0.5229166666666667 0.7234375 0.5270833333333333 0.7234375 0.55625 0.721875 0.5645833333333333 0.7140625 0.5708333333333333 0.703125 0.5666666666666667 0.7015625 0.55625 0.70625 0.5270833333333333 0.7125 0.5208333333333334 0.71875 0.5229166666666667
5 0.6984375 0.5229166666666667 0.703125 0.5291666666666667 0.703125 0.5395833333333333 0.7 0.55625 0.6953125 0.5666666666666667 0.690625 0.56875 0.684375 0.56875 0.678125 0.5625 0.6765625 0.55625 0.678125 0.5541666666666667 0.678125 0.54375 0.68125 0.5291666666666667 0.684375 0.525 0.696875 0.5229166666666667
5 0.784375 0.4875 0.7875 0.49166666666666664 0.7875 0.5 0.790625 0.5104166666666666 0.790625 0.5270833333333333 0.7890625 0.5291666666666667 0.775 0.5291666666666667 0.7734375 0.5229166666666667 0.7734375 0.50625 0.7765625 0.49166666666666664 0.7828125 0.4875
5 0.759375 0.41458333333333336 0.7625 0.41875 0.7625 0.4270833333333333 0.759375 0.43333333333333335 0.7484375 0.42916666666666664 0.7484375 0.4166666666666667 0.75 0.41458333333333336 0.7578125 0.41458333333333336
5 0.671875 0.5166666666666667 0.678125 0.525 0.678125 0.5395833333333333 0.675 0.5479166666666667 0.6734375 0.5625 0.6671875 0.5708333333333333 0.6625 0.56875 0.6609375 0.5208333333333334 0.665625 0.5166666666666667 0.6703125 0.5166666666666667
5 0.6578125 0.41458333333333336 0.6671875 0.41458333333333336 0.6671875 0.42291666666666666 0.6578125 0.42916666666666664 0.65625 0.425 0.6578125 0.4166666666666667
5 0.7640625 0.4166666666666667 0.775 0.41458333333333336 0.7796875 0.42083333333333334 0.7796875 0.4270833333333333 0.775 0.4354166666666667 0.76875 0.42916666666666664 0.7640625 0.42916666666666664 0.7640625 0.41875
5 0.6875 0.48333333333333334 0.690625 0.4895833333333333 0.690625 0.5020833333333333 0.6859375 0.51875 0.68125 0.5229166666666667 0.675 0.5166666666666667 0.66875 0.5145833333333333 0.6671875 0.5041666666666667 0.6765625 0.48333333333333334 0.6796875 0.48125 0.6859375 0.48333333333333334
5 0.665625 0.425 0.671875 0.43125 0.671875 0.44375 0.6671875 0.45416666666666666 0.659375 0.45416666666666666 0.6578125 0.45208333333333334 0.6578125 0.43125 0.6640625 0.425
5 0.71875 0.4270833333333333 0.7234375 0.43333333333333335 0.725 0.44166666666666665 0.7234375 0.45208333333333334 0.7171875 0.4583333333333333 0.709375 0.45416666666666666 0.709375 0.4375 0.7171875 0.4270833333333333
5 0.765625 0.4875 0.76875 0.5 0.76875 0.525 0.7671875 0.5270833333333333 0.753125 0.5270833333333333 0.7515625 0.525 0.7515625 0.5020833333333333 0.7546875 0.4895833333333333 0.75625 0.4875 0.7640625 0.4875
5 0.74375 0.41458333333333336 0.746875 0.41875 0.746875 0.4270833333333333 0.74375 0.43333333333333335 0.740625 0.43333333333333335 0.734375 0.425 0.7296875 0.4270833333333333 0.73125 0.4166666666666667 0.7421875 0.41458333333333336
5 0.7453125 0.4875 0.7484375 0.49375 0.7484375 0.5208333333333334 0.7453125 0.5270833333333333 0.740625 0.5291666666666667 0.7328125 0.525 0.73125 0.5125 0.7359375 0.49166666666666664 0.7390625 0.4875 0.74375 0.4875