3 0.0328125 0.625 0.125 0.6229166666666667 0.134375 0.5041666666666667 0.0453125 0.5041666666666667 0.0328125 0.5916666666666667 0.0328125 0.625
5 0.6828125 0.5677083333333334 0.0125 0.027083333333333334
5 0.6171875 0.50625 0.6203125 0.5104166666666666 0.615625 0.51875 0.6078125 0.5104166666666666 0.6109375 0.50625 0.615625 0.50625
5 0.6484375 0.5125 0.646875 0.53125 0.64375 0.5354166666666667 0.640625 0.5354166666666667 0.6375 0.53125 0.6375 0.5229166666666667 0.6390625 0.5166666666666667 0.64375 0.5104166666666666 0.646875 0.5125
5 0.6390625 0.5104166666666666 0.634375 0.53125 0.6296875 0.5354166666666667 0.625 0.5291666666666667 0.6296875 0.5104166666666666 0.63125 0.5083333333333333 0.6375 0.5104166666666666
5 0.609375 0.5125 0.0125 0.0125
5 0.634375 0.55 0.6375 0.55625 0.6375 0.5666666666666667 0.6328125 0.575 0.628125 0.575 0.6234375 0.5708333333333333 0.625 0.55625 0.6328125 0.55
5 0.659375 0.6041666666666666 0.6609375 0.6020833333333333 0.659375 0.5958333333333333 0.6609375 0.5833333333333334 0.6640625 0.5791666666666667 0.6703125 0.58125 0.671875 0.5854166666666667 0.671875 0.6083333333333333 0.6640625 0.6104166666666667 0.6609375 0.60625
5 0.6859375 0.5125 0.6890625 0.5208333333333334 0.6875 0.5416666666666666 0.6796875 0.5395833333333333 0.6796875 0.5166666666666667 0.684375 0.5125
5 0.6578125 0.5520833333333334 0.6609375 0.55625 0.6609375 0.575 0.659375 0.5770833333333333 0.6515625 0.5770833333333333 0.6515625 0.55625 0.65625 0.5520833333333334
5 0.625 0.5333333333333333 0.625 0.5229166666666667 0.6296875 0.5166666666666667 0.6359375 0.51875 0.6359375 0.525 0.634375 0.5333333333333333 0.63125 0.5354166666666667 0.6265625 0.5333333333333333
5 0.6703125 0.5520833333333334 0.6734375 0.55625 0.6734375 0.5770833333333333 0.671875 0.5791666666666667 0.6625 0.5770833333333333 0.6640625 0.5541666666666667 0.66875 0.5520833333333334
5 0.6625 0.5083333333333333 0.665625 0.5083333333333333 0.66875 0.5145833333333333 0.6671875 0.5354166666666667 0.6640625 0.5375 0.659375 0.5354166666666667 0.659375 0.5166666666666667 0.6625 0.5104166666666666
5 0.60625 0.55 0.6109375 0.5520833333333334 0.609375 0.56875 0.60625 0.56875 0.60625 0.5520833333333334
5 0.671875 0.5125 0.675 0.5125 0.678125 0.5166666666666667 0.6765625 0.5395833333333333 0.6703125 0.5395833333333333 0.66875 0.5270833333333333 0.671875 0.5145833333333333
5 0.6421875 0.5260416666666666 0.0125 0.022916666666666665
5 0.6296875 0.5770833333333333 0.63125 0.5791666666666667 0.6296875 0.59375 0.6265625 0.6020833333333333 0.621875 0.60625 0.61875 0.60625 0.615625 0.6 0.6171875 0.5791666666666667 0.621875 0.575 0.628125 0.5770833333333333
5 0.6296875 0.5083333333333333 0.6296875 0.5145833333333333 0.6265625 0.51875 0.6203125 0.5166666666666667 0.61875 0.5125 0.625 0.50625 0.628125 0.5083333333333333
5 0.6515625 0.5791666666666667 0.6578125 0.5833333333333334 0.6578125 0.6041666666666666 0.653125 0.6083333333333333 0.646875 0.6083333333333333 0.6453125 0.6041666666666666 0.6453125 0.5833333333333334 0.65 0.5791666666666667
5 0.6328125 0.6041666666666666 0.63125 0.5958333333333333 0.6359375 0.5770833333333333 0.64375 0.5770833333333333 0.64375 0.5979166666666667 0.640625 0.6041666666666666 0.634375 0.6041666666666666
5 0.6140625 0.5729166666666666 0.615625 0.575 0.615625 0.5895833333333333 0.6140625 0.5979166666666667 0.609375 0.60625 0.60625 0.6041666666666666 0.60625 0.575 0.6125 0.5729166666666666
5 0.609375 0.5145833333333333 0.6140625 0.51875 0.6140625 0.5270833333333333 0.609375 0.5333333333333333 0.6046875 0.53125 0.6046875 0.5166666666666667 0.6078125 0.5145833333333333
5 0.6140625 0.5333333333333333 0.615625 0.5208333333333334 0.621875 0.5125 0.625 0.5145833333333333 0.6234375 0.5333333333333333 0.6203125 0.5354166666666667 0.615625 0.5333333333333333
5 0.68203125 0.5979166666666667 0.0140625 0.03333333333333333
5 0.65625 0.5104166666666666 0.6578125 0.5270833333333333 0.6546875 0.5354166666666667 0.6484375 0.5354166666666667 0.6484375 0.5229166666666667 0.6515625 0.5125 0.6546875 0.5104166666666666
5 0.6125 0.55 0.621875 0.55 0.6234375 0.5520833333333334 0.6234375 0.5625 0.6203125 0.5729166666666666 0.615625 0.5729166666666666 0.6109375 0.56875 0.6125 0.5520833333333334
5 0.6484375 0.5520833333333334 0.65 0.5708333333333333 0.646875 0.575 0.6390625 0.5729166666666666 0.6390625 0.55625 0.6421875 0.5520833333333334 0.646875 0.5520833333333334
5 0.6078125 0.50625 0.609375 0.5145833333333333 0.6046875 0.5166666666666667 0.603125 0.5083333333333333 0.60625 0.50625
5 0.665625 0.50625 0.66875 0.5083333333333333 0.6671875 0.51875 0.6640625 0.5166666666666667 0.6609375 0.51875 0.659375 0.5145833333333333 0.659375 0.5083333333333333 0.6640625 0.50625