1 0.375 0.42916666666666664 0.38125 0.4375 0.384375 0.45 0.3828125 0.4708333333333333 0.3796875 0.4791666666666667 0.3765625 0.48125 0.3703125 0.46041666666666664 0.3625 0.45208333333333334 0.3640625 0.43125 0.3703125 0.4270833333333333 0.3734375 0.42916666666666664
1 0.3375 0.4625 0.3453125 0.47291666666666665 0.3484375 0.48333333333333334 0.3484375 0.5020833333333333 0.3453125 0.5145833333333333 0.3375 0.525 0.328125 0.5208333333333334 0.3234375 0.5145833333333333 0.3203125 0.5020833333333333 0.321875 0.47291666666666665 0.328125 0.46458333333333335 0.3359375 0.4625
1 0.3484375 0.4322916666666667 0.028125 0.05625
1 0.3625 0.45208333333333334 0.3703125 0.4625 0.3734375 0.47291666666666665 0.3734375 0.48333333333333334 0.35625 0.4979166666666667 0.35 0.49375 0.35 0.48333333333333334 0.346875 0.47708333333333336 0.346875 0.46458333333333335 0.353125 0.45416666666666666 0.3609375 0.45208333333333334
1 0.334375 0.4083333333333333 0.3359375 0.41041666666666665 0.334375 0.4375 0.33125 0.43333333333333335 0.334375 0.41041666666666665
1 0.2890625 0.45208333333333334 0.2875 0.45 0.2890625 0.4354166666666667 0.2921875 0.4270833333333333 0.2984375 0.42083333333333334 0.30625 0.42083333333333334 0.3078125 0.42291666666666666 0.3140625 0.4375 0.3140625 0.44583333333333336 0.309375 0.45 0.30625 0.44583333333333336 0.3 0.44375 0.290625 0.45
1 0.3265625 0.38333333333333336 0.3328125 0.39791666666666664 0.3328125 0.41458333333333336 0.3296875 0.43125 0.31875 0.4375 0.315625 0.4375 0.3125 0.43333333333333335 0.3078125 0.41875 0.30625 0.40625 0.3109375 0.38958333333333334 0.315625 0.38333333333333336 0.31875 0.38125 0.325 0.38333333333333336
1 0.303125 0.44583333333333336 0.3109375 0.45 0.3109375 0.45625 0.3171875 0.475 0.3171875 0.48541666666666666 0.3140625 0.4979166666666667 0.303125 0.5125 0.29375 0.5125 0.2890625 0.5083333333333333 0.284375 0.4979166666666667 0.284375 0.4875 0.2828125 0.48541666666666666 0.284375 0.46458333333333335 0.2875 0.45625 0.2921875 0.45 0.3015625 0.44583333333333336
1 0.334375 0.41041666666666665 0.3375 0.4125 0.334375 0.4270833333333333 0.334375 0.44375 0.334375 0.4395833333333333 0.3296875 0.4354166666666667 0.334375 0.4125
1 0.30625 0.40208333333333335 0.3078125 0.42291666666666666 0.3015625 0.4166666666666667 0.303125 0.4083333333333333 0.30625 0.4041666666666667
1 0.328125 0.4354166666666667 0.334375 0.44375 0.3390625 0.4625 0.33125 0.46041666666666664 0.3203125 0.475 0.3171875 0.4708333333333333 0.3171875 0.46458333333333335 0.3140625 0.4583333333333333 0.3140625 0.4479166666666667 0.3171875 0.4395833333333333 0.3265625 0.4354166666666667