5 0.5203125 0.027083333333333334 0.534375 0.025 0.5390625 0.03333333333333333 0.5390625 0.04791666666666667 0.540625 0.05 0.5390625 0.08333333333333333 0.5359375 0.10208333333333333 0.5265625 0.09791666666666667 0.5109375 0.1 0.5125 0.05 0.5203125 0.029166666666666667
5 0.5578125 0.029166666666666667 0.5640625 0.027083333333333334 0.5703125 0.029166666666666667 0.5734375 0.035416666666666666 0.5734375 0.04791666666666667 0.575 0.05 0.5734375 0.052083333333333336 0.575 0.058333333333333334 0.5734375 0.0625 0.5734375 0.09166666666666666 0.5703125 0.10416666666666667 0.55 0.10625 0.546875 0.10208333333333333 0.5484375 0.06458333333333334 0.5546875 0.0375 0.5578125 0.03125
5 0.503125 0.027083333333333334 0.5078125 0.03958333333333333 0.5078125 0.06458333333333334 0.5046875 0.08541666666666667 0.5 0.09791666666666667 0.4828125 0.09791666666666667 0.4796875 0.09583333333333334 0.478125 0.07916666666666666 0.4796875 0.07708333333333334 0.4796875 0.06041666666666667 0.4828125 0.05416666666666667 0.4875 0.03125 0.4921875 0.025 0.5 0.025 0.5015625 0.027083333333333334
5 0.525 0.1 0.5328125 0.10416666666666667 0.534375 0.10833333333333334 0.534375 0.12291666666666666 0.5328125 0.125 0.534375 0.12916666666666668 0.5328125 0.13125 0.534375 0.15625 0.5296875 0.17291666666666666 0.5265625 0.17708333333333334 0.503125 0.17708333333333334 0.5 0.17083333333333334 0.5 0.14583333333333334 0.50625 0.12291666666666666 0.5078125 0.10833333333333334 0.5125 0.10208333333333333 0.5234375 0.1
5 0.5703125 0.11041666666666666 0.5734375 0.11666666666666667 0.5703125 0.17708333333333334 0.5625 0.1875 0.5453125 0.1875 0.5421875 0.18541666666666667 0.540625 0.18125 0.540625 0.14583333333333334 0.54375 0.13541666666666666 0.5453125 0.11666666666666667 0.55 0.10833333333333334 0.5671875 0.10833333333333334 0.56875 0.11041666666666666
5 0.440625 0.010416666666666666 0.4453125 0.025 0.4453125 0.058333333333333334 0.4359375 0.08958333333333333 0.43125 0.09375 0.41875 0.08541666666666667 0.4109375 0.08541666666666667 0.40625 0.07083333333333333 0.4125 0.04583333333333333 0.4140625 0.029166666666666667 0.41875 0.016666666666666666 0.4265625 0.008333333333333333 0.4375 0.008333333333333333 0.4390625 0.010416666666666666
5 0.3625 0.17083333333333334 0.359375 0.15625 0.359375 0.125 0.3578125 0.12291666666666666 0.3578125 0.0875 0.3609375 0.08125 0.36875 0.075 0.378125 0.07708333333333334 0.3875 0.09375 0.3875 0.1125 0.3828125 0.13541666666666666 0.3765625 0.15 0.3765625 0.15833333333333333 0.371875 0.16666666666666666 0.3640625 0.16875
5 0.41875 0.08958333333333333 0.425 0.09375 0.4265625 0.09791666666666667 0.425 0.13958333333333334 0.41875 0.14791666666666667 0.4171875 0.16041666666666668 0.4140625 0.16458333333333333 0.3984375 0.16458333333333333 0.396875 0.16666666666666666 0.390625 0.16666666666666666 0.3859375 0.1625 0.3859375 0.15625 0.3828125 0.14791666666666667 0.3828125 0.13958333333333334 0.3890625 0.12083333333333333 0.390625 0.10625 0.3984375 0.09375 0.409375 0.08958333333333333 0.4171875 0.08958333333333333
5 0.3546875 0.00625 0.36875 0.00625 0.371875 0.010416666666666666 0.3765625 0.029166666666666667 0.371875 0.05625 0.365625 0.07083333333333333 0.3578125 0.07916666666666666 0.3546875 0.008333333333333333
5 0.44375 0.08125 0.4515625 0.03125 0.4578125 0.020833333333333332 0.471875 0.020833333333333332 0.475 0.025 0.4765625 0.06041666666666667 0.4734375 0.06875 0.471875 0.08541666666666667 0.46875 0.09375 0.4640625 0.09375 0.459375 0.0875 0.4453125 0.08125
5 0.4921875 0.10833333333333334 0.4953125 0.11458333333333333 0.496875 0.1375 0.490625 0.15416666666666667 0.4875 0.175 0.4828125 0.17291666666666666 0.4671875 0.175 0.4640625 0.17291666666666666 0.4625 0.16875 0.4625 0.13958333333333334 0.465625 0.13125 0.4671875 0.11666666666666667 0.4703125 0.11041666666666666 0.478125 0.10625 0.4890625 0.10625 0.490625 0.10833333333333334
5 0.396875 0.0125 0.4078125 0.020833333333333332 0.4109375 0.03125 0.4109375 0.04375 0.4046875 0.06458333333333334 0.4046875 0.08125 0.4015625 0.0875 0.39375 0.09375 0.3890625 0.09375 0.38125 0.07708333333333334 0.371875 0.075 0.36875 0.07291666666666667 0.36875 0.06875 0.375 0.052083333333333336 0.375 0.04583333333333333 0.378125 0.03958333333333333 0.38125 0.022916666666666665 0.3859375 0.016666666666666666 0.3953125 0.0125
5 0.45625 0.0875 0.4625 0.09583333333333334 0.4625 0.12083333333333333 0.4640625 0.125 0.459375 0.13958333333333334 0.459375 0.15208333333333332 0.45625 0.1625 0.4484375 0.17083333333333334 0.4328125 0.17083333333333334 0.4296875 0.16875 0.4265625 0.1625 0.4265625 0.14166666666666666 0.4296875 0.13541666666666666 0.43125 0.11458333333333333 0.4375 0.09166666666666666 0.4421875 0.08541666666666667 0.453125 0.08541666666666667 0.4546875 0.0875