0 0.74375 0.625 0.8265625 0.61875 0.8140625 0.48541666666666666 0.7390625 0.50625 0.74375 0.625
5 0.1328125 0.6041666666666666 0.13125 0.60625 0.13125 0.61875 0.1328125 0.61875 0.1375 0.6125 0.1390625 0.60625 0.1390625 0.5979166666666667 0.1375 0.5958333333333333 0.134375 0.5958333333333333 0.1328125 0.5979166666666667 0.1328125 0.6041666666666666
5 0.140625 0.6104166666666667 0.1390625 0.6125 0.140625 0.61875 0.146875 0.61875 0.15 0.6145833333333334 0.153125 0.6041666666666666 0.1515625 0.5979166666666667 0.1453125 0.5979166666666667 0.140625 0.6041666666666666 0.140625 0.6104166666666667
5 0.153125 0.6104166666666667 0.153125 0.61875 0.1625 0.61875 0.1640625 0.60625 0.165625 0.6041666666666666 0.165625 0.5979166666666667 0.1640625 0.5958333333333333 0.1609375 0.5958333333333333 0.1578125 0.5979166666666667 0.1578125 0.6 0.1546875 0.6041666666666666 0.153125 0.6104166666666667
5 0.1640625 0.61875 0.165625 0.6208333333333333 0.171875 0.6229166666666667 0.1765625 0.6104166666666667 0.1765625 0.6020833333333333 0.175 0.6 0.1703125 0.6 0.165625 0.6041666666666666 0.1640625 0.61875
5 0.178125 0.60625 0.178125 0.61875 0.18125 0.6208333333333333 0.1859375 0.6208333333333333 0.1890625 0.6166666666666667 0.1890625 0.6083333333333333 0.1921875 0.6 0.1921875 0.5916666666666667 0.184375 0.5916666666666667 0.1796875 0.6 0.178125 0.60625
5 0.190625 0.625 0.1921875 0.6270833333333333 0.196875 0.6270833333333333 0.2 0.6229166666666667 0.2 0.60625 0.1984375 0.6041666666666666 0.1953125 0.6041666666666666 0.1921875 0.6083333333333333 0.190625 0.625
5 0.1953125 0.5833333333333334 0.1953125 0.5958333333333333 0.196875 0.5979166666666667 0.2 0.5979166666666667 0.203125 0.59375 0.203125 0.5833333333333334 0.1984375 0.58125 0.1953125 0.5833333333333334
5 0.1828125 0.5854166666666667 0.1828125 0.5916666666666667 0.1859375 0.5958333333333333 0.190625 0.5958333333333333 0.1921875 0.5979166666666667 0.1921875 0.5895833333333333 0.19375 0.5875 0.1921875 0.58125 0.1859375 0.58125 0.1828125 0.5854166666666667
5 0.171875 0.5833333333333334 0.171875 0.5958333333333333 0.175 0.5979166666666667 0.1796875 0.5979166666666667 0.18125 0.59375 0.18125 0.5875 0.178125 0.58125 0.1734375 0.58125 0.171875 0.5833333333333334
5 0.1625 0.58125 0.1625 0.5916666666666667 0.1640625 0.5916666666666667 0.1671875 0.5958333333333333 0.1703125 0.5916666666666667 0.1703125 0.58125 0.1640625 0.5770833333333333 0.1625 0.58125
5 0.15 0.5916666666666667 0.153125 0.5958333333333333 0.159375 0.5958333333333333 0.1640625 0.5833333333333334 0.1609375 0.58125 0.1546875 0.58125 0.1515625 0.5854166666666667 0.15 0.5916666666666667
5 0.1421875 0.5770833333333333 0.15 0.5770833333333333 0.1515625 0.5791666666666667 0.1515625 0.5833333333333334 0.14375 0.5979166666666667 0.1390625 0.59375 0.1390625 0.5833333333333334 0.1421875 0.5791666666666667
5 0.1609375 0.5770833333333333 0.1671875 0.5770833333333333 0.1703125 0.58125 0.16875 0.5958333333333333 0.1671875 0.5979166666666667 0.1640625 0.5958333333333333 0.1625 0.59375 0.1625 0.5791666666666667
5 0.16875 0.5479166666666667 0.171875 0.5458333333333333 0.175 0.5479166666666667 0.175 0.55625 0.171875 0.5666666666666667 0.165625 0.5666666666666667 0.1640625 0.5625 0.16875 0.55
5 0.1625 0.5979166666666667 0.1640625 0.6 0.1640625 0.6125 0.159375 0.6208333333333333 0.153125 0.61875 0.153125 0.6104166666666667 0.15625 0.6020833333333333 0.1609375 0.5979166666666667
5 0.1703125 0.5458333333333333 0.178125 0.5479166666666667 0.171875 0.5604166666666667 0.16875 0.55625 0.1703125 0.5479166666666667
5 0.1890625 0.5791666666666667 0.1921875 0.58125 0.1921875 0.59375 0.1890625 0.5979166666666667 0.1828125 0.5958333333333333 0.1828125 0.5854166666666667 0.184375 0.58125 0.1875 0.58125
5 0.175 0.6 0.1765625 0.6104166666666667 0.171875 0.6208333333333333 0.1671875 0.6208333333333333 0.1640625 0.6125 0.165625 0.6041666666666666 0.16875 0.6 0.1734375 0.6
5 0.14375 0.5979166666666667 0.1390625 0.59375 0.140625 0.5791666666666667 0.1421875 0.5770833333333333 0.15 0.5770833333333333 0.15 0.5854166666666667 0.1453125 0.5958333333333333
5 0.184375 0.5520833333333334 0.190625 0.5541666666666667 0.1890625 0.56875 0.1828125 0.56875 0.1828125 0.55625 0.184375 0.5541666666666667
5 0.1921875 0.5729166666666666 0.190625 0.5666666666666667 0.1921875 0.55625 0.1953125 0.5520833333333334 0.2 0.55625 0.2 0.5625 0.1984375 0.5729166666666666 0.19375 0.5729166666666666
5 0.184375 0.55 0.1859375 0.5479166666666667 0.19375 0.5479166666666667 0.1953125 0.5520833333333334 0.1921875 0.55625 0.1859375 0.5520833333333334
5 0.1546875 0.5458333333333333 0.15625 0.55 0.153125 0.5583333333333333 0.153125 0.5645833333333333 0.15 0.5666666666666667 0.1453125 0.5625 0.1453125 0.55625 0.146875 0.55 0.153125 0.5458333333333333
5 0.20625 0.5541666666666667 0.2046875 0.5729166666666666 0.1984375 0.5708333333333333 0.2 0.5541666666666667 0.2015625 0.5520833333333334 0.2046875 0.5541666666666667
5 0.178125 0.5604166666666667 0.009375 0.020833333333333332
5 0.1703125 0.5458333333333333 0.1734375 0.5479166666666667 0.1703125 0.5666666666666667 0.1640625 0.5666666666666667 0.1640625 0.5479166666666667 0.16875 0.5479166666666667
5 0.15 0.5979166666666667 0.153125 0.6 0.153125 0.60625 0.1484375 0.61875 0.140625 0.61875 0.1390625 0.6166666666666667 0.1421875 0.6 0.1484375 0.5979166666666667
5 0.2 0.6020833333333333 0.2015625 0.6208333333333333 0.196875 0.6270833333333333 0.190625 0.625 0.190625 0.6104166666666667 0.19375 0.6020833333333333 0.1984375 0.6020833333333333
5 0.1703125 0.5479166666666667 0.171875 0.55625 0.1703125 0.5666666666666667 0.1671875 0.56875 0.1625 0.5666666666666667 0.1625 0.55 0.16875 0.5479166666666667
5 0.16640625 0.5895833333333333 0.0109375 0.020833333333333332
5 0.1375 0.59375 0.140625 0.5979166666666667 0.140625 0.6041666666666666 0.134375 0.61875 0.13125 0.61875 0.13125 0.6041666666666666 0.1328125 0.5958333333333333 0.1359375 0.59375
5 0.153125 0.5645833333333333 0.153125 0.5541666666666667 0.15625 0.5479166666666667 0.1609375 0.5479166666666667 0.1640625 0.5541666666666667 0.159375 0.5666666666666667 0.1546875 0.5645833333333333
5 0.1578125 0.5770833333333333 0.1625 0.58125 0.159375 0.5958333333333333 0.1578125 0.5979166666666667 0.1484375 0.5958333333333333 0.153125 0.5791666666666667 0.15625 0.5791666666666667
5 0.16875 0.5791666666666667 0.1734375 0.5833333333333334 0.1703125 0.5979166666666667 0.1625 0.5958333333333333 0.1640625 0.58125 0.1671875 0.5791666666666667
5 0.134375 0.5916666666666667 0.134375 0.5770833333333333 0.1359375 0.575 0.1390625 0.5770833333333333 0.1390625 0.5875 0.1359375 0.5916666666666667
5 0.1640625 0.55 0.1671875 0.5479166666666667 0.1734375 0.55 0.1703125 0.56875 0.1625 0.5666666666666667 0.1640625 0.5520833333333334
5 0.1796875 0.58125 0.18125 0.5833333333333334 0.18125 0.5958333333333333 0.178125 0.6 0.1734375 0.5979166666666667 0.171875 0.59375 0.171875 0.5833333333333334 0.178125 0.58125
5 0.19921875 0.5916666666666667 0.0109375 0.020833333333333332
5 0.140625 0.5458333333333333 0.1453125 0.55 0.14375 0.5625 0.140625 0.5645833333333333 0.1375 0.5625 0.1375 0.55 0.1390625 0.5479166666666667
5 0.20625 0.5520833333333334 0.2078125 0.5541666666666667 0.2078125 0.56875 0.2046875 0.575 0.2 0.56875 0.2015625 0.5541666666666667 0.2046875 0.5520833333333334
5 0.18359375 0.6125 0.0140625 0.025