5 0.3921875 0.29791666666666666 0.396875 0.3020833333333333 0.3953125 0.3125 0.396875 0.31666666666666665 0.3921875 0.32083333333333336 0.3890625 0.32083333333333336 0.3890625 0.3145833333333333 0.38125 0.30625 0.3828125 0.29791666666666666 0.390625 0.29791666666666666
5 0.378125 0.29583333333333334 0.3796875 0.30625 0.375 0.3125 0.3671875 0.3020833333333333 0.3640625 0.3020833333333333 0.3640625 0.29375 0.365625 0.2916666666666667 0.3734375 0.2916666666666667 0.3765625 0.29583333333333334
5 0.4171875 0.3229166666666667 0.421875 0.32708333333333334 0.421875 0.34791666666666665 0.4171875 0.3625 0.409375 0.35833333333333334 0.4078125 0.3541666666666667 0.4078125 0.33958333333333335 0.4109375 0.32708333333333334 0.415625 0.3229166666666667
5 0.334375 0.41041666666666665 0.340625 0.4166666666666667 0.340625 0.42291666666666666 0.3375 0.43125 0.3359375 0.4479166666666667 0.3328125 0.45625 0.3265625 0.4625 0.3125 0.46041666666666664 0.309375 0.45625 0.3078125 0.44375 0.3140625 0.42083333333333334 0.3203125 0.4125 0.3328125 0.41041666666666665
5 0.42109375 0.4625 0.0234375 0.05416666666666667
5 0.384375 0.403125 0.021875 0.04791666666666667
5 0.4078125 0.38333333333333336 0.4125 0.39791666666666664 0.4125 0.4125 0.4109375 0.42291666666666666 0.4078125 0.42916666666666664 0.3953125 0.425 0.39375 0.42083333333333334 0.396875 0.39166666666666666 0.4015625 0.38333333333333336 0.40625 0.38333333333333336
5 0.38125 0.3302083333333333 0.015625 0.03958333333333333
5 0.428125 0.38958333333333334 0.43125 0.4041666666666667 0.43125 0.43333333333333335 0.428125 0.4354166666666667 0.4265625 0.43333333333333335 0.4171875 0.43333333333333335 0.4140625 0.4270833333333333 0.415625 0.4041666666666667 0.4203125 0.39166666666666666 0.4265625 0.38958333333333334
5 0.403125 0.3020833333333333 0.409375 0.30416666666666664 0.4125 0.3104166666666667 0.4125 0.31666666666666665 0.409375 0.3229166666666667 0.4046875 0.3229166666666667 0.396875 0.31666666666666665 0.3984375 0.30416666666666664 0.4015625 0.3020833333333333
5 0.434375 0.32708333333333334 0.4390625 0.3333333333333333 0.4390625 0.35208333333333336 0.4375 0.3625 0.434375 0.36875 0.425 0.36666666666666664 0.4234375 0.3625 0.425 0.33541666666666664 0.428125 0.32916666666666666 0.4328125 0.32708333333333334
5 0.3546875 0.41041666666666665 0.3625 0.4166666666666667 0.365625 0.42291666666666666 0.365625 0.42916666666666664 0.359375 0.4479166666666667 0.359375 0.4583333333333333 0.3546875 0.4666666666666667 0.34375 0.4666666666666667 0.3390625 0.46041666666666664 0.3375 0.45208333333333334 0.340625 0.44166666666666665 0.3421875 0.425 0.346875 0.41458333333333336 0.353125 0.41041666666666665
5 0.3546875 0.3375 0.353125 0.33125 0.3546875 0.32083333333333336 0.359375 0.30833333333333335 0.3640625 0.3020833333333333 0.36875 0.3020833333333333 0.3734375 0.3104166666666667 0.371875 0.33125 0.36875 0.33958333333333335 0.3578125 0.33958333333333335 0.35625 0.3375
5 0.3546875 0.30416666666666664 0.3546875 0.3125 0.346875 0.3333333333333333 0.334375 0.33125 0.3328125 0.31666666666666665 0.340625 0.29791666666666666 0.3484375 0.29583333333333334 0.353125 0.30416666666666664
5 0.303125 0.3958333333333333 0.3078125 0.4 0.3125 0.41041666666666665 0.3125 0.425 0.303125 0.45416666666666666 0.296875 0.46041666666666664 0.290625 0.4583333333333333 0.290625 0.4083333333333333 0.2953125 0.39791666666666664 0.3015625 0.3958333333333333
5 0.4 0.4270833333333333 0.4078125 0.4375 0.4078125 0.4666666666666667 0.4046875 0.4791666666666667 0.3953125 0.4791666666666667 0.3890625 0.47708333333333336 0.3859375 0.47291666666666665 0.3890625 0.4354166666666667 0.39375 0.42916666666666664 0.3984375 0.4270833333333333
5 0.2953125 0.26875 0.3078125 0.27291666666666664 0.30625 0.28541666666666665 0.2953125 0.2916666666666667 0.29375 0.2875 0.2953125 0.2708333333333333
5 0.328125 0.28958333333333336 0.334375 0.29583333333333334 0.3359375 0.30625 0.33125 0.31875 0.33125 0.32708333333333334 0.3265625 0.33125 0.3171875 0.32916666666666666 0.3125 0.32083333333333336 0.31875 0.29791666666666666 0.3265625 0.28958333333333336
5 0.346875 0.2916666666666667 0.3578125 0.28958333333333336 0.3609375 0.2916666666666667 0.3625 0.29791666666666666 0.359375 0.30625 0.3546875 0.30833333333333335 0.346875 0.29791666666666666 0.346875 0.29375
5 0.396875 0.31875 0.4015625 0.32083333333333336 0.40625 0.33125 0.4046875 0.35 0.403125 0.35208333333333336 0.39375 0.35208333333333336 0.3921875 0.35 0.390625 0.33541666666666664 0.3921875 0.325 0.3953125 0.32083333333333336
5 0.3140625 0.36041666666666666 0.325 0.36041666666666666 0.33125 0.36875 0.33125 0.3770833333333333 0.325 0.39375 0.325 0.40208333333333335 0.3171875 0.4125 0.3125 0.4083333333333333 0.3078125 0.39791666666666664 0.3015625 0.39375 0.309375 0.36875 0.3140625 0.3625
5 0.3671875 0.37083333333333335 0.371875 0.375 0.3734375 0.3958333333333333 0.3703125 0.4125 0.365625 0.41875 0.3515625 0.40625 0.35625 0.37916666666666665 0.3609375 0.3729166666666667 0.365625 0.37083333333333335
5 0.3109375 0.27291666666666664 0.3234375 0.27708333333333335 0.3265625 0.28125 0.325 0.2875 0.3171875 0.29583333333333334 0.3140625 0.29375 0.3078125 0.2875 0.3078125 0.27708333333333335 0.309375 0.275
5 0.29375 0.35 0.3015625 0.35 0.3078125 0.3625 0.3078125 0.37083333333333335 0.303125 0.38333333333333336 0.296875 0.39375 0.2921875 0.3958333333333333 0.290625 0.39166666666666666 0.290625 0.36875 0.29375 0.35208333333333336
5 0.3390625 0.28125 0.3453125 0.28541666666666665 0.346875 0.28958333333333336 0.34375 0.29583333333333334 0.3375 0.3 0.3296875 0.28958333333333336 0.325 0.2875 0.325 0.2833333333333333 0.328125 0.2791666666666667 0.3375 0.28125
5 0.328125 0.40625 0.3265625 0.3958333333333333 0.33125 0.38333333333333336 0.3328125 0.37083333333333335 0.340625 0.36041666666666666 0.35 0.3625 0.353125 0.36875 0.3546875 0.37916666666666665 0.353125 0.38125 0.3515625 0.40208333333333335 0.34375 0.4125 0.3296875 0.40625
5 0.425 0.32916666666666666 0.425 0.3125 0.4265625 0.3104166666666667 0.43125 0.3104166666666667 0.4375 0.3145833333333333 0.4359375 0.31875 0.4375 0.32708333333333334 0.4265625 0.32916666666666666
5 0.315625 0.29583333333333334 0.315625 0.30625 0.309375 0.32083333333333336 0.2953125 0.31875 0.29375 0.3020833333333333 0.296875 0.29375 0.303125 0.2875 0.3078125 0.2875 0.3140625 0.29583333333333334
5 0.375 0.4270833333333333 0.384375 0.43333333333333335 0.384375 0.45 0.38125 0.4666666666666667 0.378125 0.47291666666666665 0.365625 0.47291666666666665 0.3609375 0.4625 0.3640625 0.4395833333333333 0.3671875 0.43125 0.3734375 0.4270833333333333
5 0.4265625 0.3104166666666667 0.4265625 0.325 0.4234375 0.32916666666666666 0.41875 0.325 0.4140625 0.325 0.4125 0.32083333333333336 0.415625 0.30833333333333335 0.4234375 0.30833333333333335 0.425 0.3104166666666667