5 0.6875 0.014583333333333334 0.690625 0.020833333333333332 0.690625 0.04791666666666667 0.684375 0.08125 0.678125 0.09166666666666666 0.6734375 0.08958333333333333 0.66875 0.08333333333333333 0.65625 0.08125 0.65625 0.07083333333333333 0.659375 0.0625 0.6625 0.035416666666666666 0.6671875 0.022916666666666665 0.675 0.014583333333333334 0.6859375 0.014583333333333334
5 0.6578125 0.014583333333333334 0.659375 0.01875 0.6578125 0.058333333333333334 0.653125 0.07708333333333334 0.6421875 0.09791666666666667 0.634375 0.09375 0.6234375 0.09375 0.6203125 0.0875 0.621875 0.07291666666666667 0.628125 0.05416666666666667 0.628125 0.041666666666666664 0.6328125 0.03333333333333333 0.634375 0.025 0.640625 0.016666666666666666 0.646875 0.0125 0.6546875 0.0125 0.65625 0.014583333333333334
5 0.6359375 0.09791666666666667 0.6375 0.1 0.6375 0.13333333333333333 0.634375 0.14375 0.628125 0.15208333333333332 0.6265625 0.1625 0.621875 0.17083333333333334 0.6046875 0.17708333333333334 0.5984375 0.17083333333333334 0.596875 0.15625 0.5984375 0.15416666666666667 0.5984375 0.14375 0.603125 0.13333333333333333 0.60625 0.11666666666666667 0.6203125 0.09791666666666667 0.625 0.09583333333333334 0.6328125 0.09583333333333334 0.634375 0.09791666666666667
5 0.703125 0.09791666666666667 0.70625 0.10416666666666667 0.70625 0.125 0.7015625 0.14375 0.6984375 0.14791666666666667 0.696875 0.16458333333333333 0.6890625 0.17083333333333334 0.6703125 0.17083333333333334 0.66875 0.15 0.671875 0.12916666666666668 0.6765625 0.1125 0.6859375 0.1 0.7015625 0.09791666666666667
5 0.746875 0.08333333333333333 0.75 0.0875 0.7484375 0.12916666666666668 0.746875 0.13125 0.7484375 0.13958333333333334 0.7421875 0.14583333333333334 0.740625 0.16041666666666668 0.7359375 0.16666666666666666 0.7296875 0.16458333333333333 0.7109375 0.16666666666666666 0.709375 0.16458333333333333 0.709375 0.13125 0.715625 0.11666666666666667 0.7203125 0.09375 0.725 0.0875 0.7390625 0.08125 0.7453125 0.08333333333333333
5 0.8 0 0.8015625 0.00625 0.8015625 0.0375 0.796875 0.07083333333333333 0.7890625 0.07708333333333334 0.7765625 0.07708333333333334 0.76875 0.08125 0.765625 0.07916666666666666 0.765625 0.0625 0.76875 0.05416666666666667 0.771875 0.025 0.778125 0.0125 0.7796875 0.0020833333333333333 0.78125 0 0.7984375 0
5 0.725 0.08333333333333333 0.728125 0.041666666666666664 0.7328125 0.029166666666666667 0.7328125 0.020833333333333332 0.740625 0 0.7578125 0 0.7609375 0.008333333333333333 0.7609375 0.025 0.759375 0.027083333333333334 0.75625 0.06666666666666667 0.7515625 0.08333333333333333 0.7421875 0.07708333333333334 0.7265625 0.08333333333333333
5 0.621875 0.029166666666666667 0.6265625 0.041666666666666664 0.6265625 0.052083333333333336 0.61875 0.07708333333333334 0.61875 0.09375 0.60625 0.10833333333333334 0.596875 0.09375 0.5875 0.08958333333333333 0.603125 0.035416666666666666 0.6125 0.029166666666666667 0.6203125 0.029166666666666667
5 0.59375 0.09375 0.6 0.1 0.603125 0.11041666666666666 0.6015625 0.13125 0.5984375 0.1375 0.5953125 0.15833333333333333 0.590625 0.17291666666666666 0.584375 0.18125 0.5796875 0.18333333333333332 0.5765625 0.18125 0.578125 0.10625 0.584375 0.09583333333333334 0.5921875 0.09375
5 0.671875 0.0875 0.6734375 0.10416666666666667 0.671875 0.10625 0.671875 0.11875 0.665625 0.14166666666666666 0.6640625 0.1625 0.6625 0.16666666666666666 0.65 0.17291666666666666 0.640625 0.17291666666666666 0.634375 0.16458333333333333 0.6421875 0.1125 0.65 0.08958333333333333 0.653125 0.08541666666666667 0.6640625 0.08333333333333333 0.6703125 0.0875
5 0.578125 0.09791666666666667 0.5796875 0.03333333333333333 0.58125 0.03125 0.5921875 0.03125 0.5953125 0.04375 0.5953125 0.058333333333333334 0.5890625 0.08125 0.58125 0.09791666666666667 0.578125 0.1
5 0.7953125 0.08125 0.796875 0.1 0.7953125 0.10208333333333333 0.7953125 0.11666666666666667 0.7890625 0.15833333333333333 0.784375 0.16666666666666666 0.771875 0.17083333333333334 0.7578125 0.17083333333333334 0.7546875 0.16666666666666666 0.7546875 0.14166666666666666 0.7625 0.09583333333333334 0.7640625 0.08958333333333333 0.76875 0.08333333333333333 0.784375 0.07916666666666666 0.7921875 0.07916666666666666 0.79375 0.08125
5 0.7078125 0.05 0.0375 0.08333333333333333
3 0.021875 0.2875 0.0671875 0.28541666666666665 0.053125 0.13541666666666666 0.0078125 0.15 0.021875 0.2875