5 0.3796875 0.11458333333333333 0.3734375 0.10416666666666667 0.375 0.09791666666666667 0.3828125 0.09791666666666667 0.3859375 0.10208333333333333 0.3859375 0.10833333333333334 0.38125 0.11458333333333333
5 0.4 0.10416666666666667 0.4109375 0.10416666666666667 0.4125 0.10625 0.4109375 0.11875 0.4015625 0.11458333333333333 0.3984375 0.10833333333333334 0.4 0.10625
5 0.39375 0.10833333333333334 0.0125 0.016666666666666666
5 0.4375 0.17916666666666667 0.440625 0.18333333333333332 0.4421875 0.19166666666666668 0.4421875 0.21458333333333332 0.440625 0.21666666666666667 0.43125 0.21666666666666667 0.4296875 0.21458333333333332 0.4296875 0.19166666666666668 0.43125 0.18333333333333332 0.4359375 0.17916666666666667
5 0.4421875 0.125 0.4453125 0.13125 0.4453125 0.15833333333333333 0.44375 0.1625 0.4390625 0.16458333333333333 0.434375 0.15625 0.434375 0.13333333333333333 0.4359375 0.12916666666666668 0.440625 0.12708333333333333
5 0.4203125 0.125 0.4203125 0.14166666666666666 0.4171875 0.15 0.409375 0.14791666666666667 0.409375 0.12916666666666668 0.4140625 0.12083333333333333 0.41875 0.125
5 0.428125 0.12291666666666666 0.4328125 0.12916666666666668 0.43125 0.15625 0.425 0.15833333333333333 0.421875 0.15 0.4234375 0.12916666666666668 0.4265625 0.125
5 0.340625 0.0875 0.3515625 0.0875 0.3578125 0.09166666666666666 0.3578125 0.09791666666666667 0.353125 0.10625 0.35 0.10625 0.34375 0.09791666666666667 0.340625 0.09583333333333334 0.3375 0.09791666666666667 0.340625 0.08958333333333333
5 0.3828125 0.2 0.3921875 0.20625 0.39375 0.21041666666666667 0.3875 0.24583333333333332 0.378125 0.24791666666666667 0.3734375 0.2375 0.3765625 0.20833333333333334 0.38125 0.20208333333333334
5 0.43125 0.21875 0.4390625 0.21875 0.4421875 0.22708333333333333 0.440625 0.2604166666666667 0.4328125 0.2625 0.4265625 0.25416666666666665 0.4265625 0.2375 0.43125 0.22083333333333333
5 0.4 0.175 0.4078125 0.17291666666666666 0.4109375 0.17708333333333334 0.4109375 0.20625 0.40625 0.2125 0.3984375 0.20625 0.4 0.17708333333333334
5 0.334375 0.09166666666666666 0.3375 0.08541666666666667 0.3421875 0.08541666666666667 0.34375 0.09583333333333334 0.3375 0.10416666666666667 0.334375 0.09791666666666667 0.3359375 0.09375
5 0.4171875 0.17708333333333334 0.4234375 0.17708333333333334 0.4265625 0.18541666666666667 0.4265625 0.21041666666666667 0.425 0.2125 0.4140625 0.21041666666666667 0.4125 0.20833333333333334 0.4125 0.19791666666666666 0.4140625 0.19583333333333333 0.4140625 0.18541666666666667 0.4171875 0.17916666666666667
5 0.421875 0.10833333333333334 0.425 0.1125 0.425 0.12083333333333333 0.421875 0.125 0.4140625 0.11875 0.4140625 0.11041666666666666 0.4203125 0.10833333333333334
5 0.3625 0.10208333333333333 0.3671875 0.10625 0.3671875 0.11041666666666666 0.3609375 0.13541666666666666 0.3546875 0.13541666666666666 0.35 0.13125 0.353125 0.10833333333333334 0.3578125 0.1 0.3609375 0.10208333333333333
5 0.378125 0.16041666666666668 0.3828125 0.17083333333333334 0.3828125 0.18541666666666667 0.38125 0.19583333333333333 0.378125 0.20208333333333334 0.3625 0.19791666666666666 0.3671875 0.16875 0.36875 0.16458333333333333 0.3765625 0.16041666666666668
5 0.40234375 0.13229166666666667 0.0140625 0.035416666666666666
5 0.3703125 0.20208333333333334 0.3734375 0.20416666666666666 0.375 0.2125 0.3703125 0.23958333333333334 0.365625 0.24583333333333332 0.3546875 0.24375 0.353125 0.22291666666666668 0.35625 0.20833333333333334 0.3609375 0.20208333333333334 0.36875 0.20208333333333334
5 0.3828125 0.14166666666666666 0.38125 0.12291666666666666 0.3828125 0.11666666666666667 0.3890625 0.10833333333333334 0.3953125 0.11458333333333333 0.3953125 0.125 0.3921875 0.14166666666666666 0.3890625 0.14375 0.384375 0.14166666666666666
5 0.375 0.10416666666666667 0.38125 0.11458333333333333 0.3765625 0.1375 0.36875 0.1375 0.3640625 0.13333333333333333 0.3671875 0.11041666666666666 0.36875 0.10625 0.3734375 0.10416666666666667
5 0.3453125 0.19166666666666668 0.3515625 0.19583333333333333 0.3546875 0.20208333333333334 0.3546875 0.21458333333333332 0.3484375 0.24166666666666667 0.346875 0.24375 0.340625 0.24166666666666667 0.3390625 0.19791666666666666 0.34375 0.19375
5 0.41796875 0.23541666666666666 0.0171875 0.04583333333333333
5 0.3375 0.12916666666666668 0.3359375 0.11458333333333333 0.3375 0.10416666666666667 0.340625 0.1 0.3453125 0.1 0.35 0.10625 0.35 0.12083333333333333 0.346875 0.12916666666666668 0.3421875 0.13125 0.3390625 0.12916666666666668
5 0.3859375 0.17083333333333334 0.39375 0.16875 0.396875 0.17291666666666666 0.3984375 0.18125 0.396875 0.18333333333333332 0.3953125 0.20625 0.3921875 0.20625 0.3875 0.2 0.3828125 0.20208333333333334 0.3828125 0.1875 0.3859375 0.17291666666666666
5 0.35625 0.18125 0.021875 0.041666666666666664
5 0.359375 0.09166666666666666 0.3671875 0.09166666666666666 0.371875 0.09583333333333334 0.3703125 0.10208333333333333 0.3625 0.10208333333333333 0.3578125 0.09791666666666667 0.359375 0.09375
5 0.3375 0.15416666666666667 0.34375 0.15416666666666667 0.3484375 0.1625 0.3484375 0.17291666666666666 0.3453125 0.18333333333333332 0.340625 0.19166666666666668 0.3375 0.19166666666666668 0.3375 0.15625
5 0.43125 0.11041666666666666 0.4390625 0.11458333333333333 0.4390625 0.12083333333333333 0.4359375 0.12916666666666668 0.4328125 0.12916666666666668 0.4265625 0.12291666666666666 0.4265625 0.1125 0.4296875 0.11041666666666666
5 0.4 0.2125 0.40625 0.21875 0.40625 0.24375 0.403125 0.25 0.39375 0.25 0.390625 0.24166666666666667 0.39375 0.21666666666666667 0.3984375 0.2125