5 0.5890625 0.38333333333333336 0.590625 0.38958333333333334 0.5859375 0.4083333333333333 0.5859375 0.42083333333333334 0.58125 0.425 0.571875 0.425 0.5703125 0.42291666666666666 0.5703125 0.41041666666666665 0.5765625 0.38958333333333334 0.5828125 0.38333333333333336 0.5875 0.38333333333333336
5 0.6671875 0.37083333333333335 0.66875 0.3729166666666667 0.66875 0.4 0.6671875 0.40625 0.6625 0.4083333333333333 0.653125 0.4083333333333333 0.6515625 0.40625 0.65 0.38958333333333334 0.653125 0.3770833333333333 0.6578125 0.37083333333333335 0.665625 0.37083333333333335
5 0.571875 0.4979166666666667 0.5734375 0.5145833333333333 0.5671875 0.5333333333333333 0.565625 0.55 0.559375 0.55625 0.55625 0.55625 0.5546875 0.5041666666666667 0.5578125 0.49583333333333335 0.56875 0.49583333333333335 0.5703125 0.4979166666666667
5 0.646875 0.3770833333333333 0.64375 0.37083333333333335 0.6375 0.37083333333333335 0.6359375 0.3645833333333333 0.6390625 0.35625 0.65 0.35208333333333336 0.6546875 0.35208333333333336 0.65625 0.35833333333333334 0.6546875 0.36875 0.6484375 0.3770833333333333
5 0.646875 0.5020833333333333 0.6484375 0.5270833333333333 0.6453125 0.54375 0.6421875 0.55 0.628125 0.55 0.625 0.5458333333333333 0.625 0.5270833333333333 0.6265625 0.525 0.6265625 0.5145833333333333 0.63125 0.5020833333333333 0.6359375 0.5 0.64375 0.5 0.6453125 0.5020833333333333
5 0.6203125 0.39791666666666664 0.021875 0.0375
5 0.6671875 0.4875 0.6765625 0.49166666666666664 0.6796875 0.4979166666666667 0.6796875 0.53125 0.678125 0.5416666666666666 0.6734375 0.55 0.65625 0.55 0.653125 0.5458333333333333 0.6515625 0.5166666666666667 0.65625 0.50625 0.659375 0.4895833333333333 0.665625 0.4875
5 0.61875 0.44583333333333336 0.628125 0.44375 0.63125 0.44583333333333336 0.6328125 0.45208333333333334 0.63125 0.4875 0.628125 0.49375 0.6234375 0.49375 0.61875 0.4895833333333333 0.6109375 0.4875 0.6140625 0.4583333333333333 0.61875 0.4479166666666667
5 0.709375 0.3541666666666667 0.7140625 0.3645833333333333 0.7140625 0.39791666666666664 0.709375 0.40208333333333335 0.696875 0.40208333333333335 0.69375 0.3958333333333333 0.6953125 0.3645833333333333 0.6984375 0.36041666666666666 0.7078125 0.35625
5 0.5953125 0.36875 0.5953125 0.37916666666666665 0.590625 0.38333333333333336 0.5828125 0.38333333333333336 0.58125 0.3729166666666667 0.5859375 0.36875 0.59375 0.36875
5 0.640625 0.49583333333333335 0.634375 0.49166666666666664 0.634375 0.475 0.6390625 0.4479166666666667 0.6421875 0.44375 0.6484375 0.44166666666666665 0.6546875 0.44583333333333336 0.65625 0.45416666666666666 0.6546875 0.4583333333333333 0.65625 0.46875 0.653125 0.4895833333333333 0.65 0.49375 0.6421875 0.49375
5 0.5640625 0.39166666666666666 0.5703125 0.39791666666666664 0.5703125 0.40625 0.565625 0.42291666666666666 0.5625 0.425 0.5546875 0.425 0.5546875 0.4 0.55625 0.3958333333333333 0.5625 0.39166666666666666
5 0.6859375 0.36666666666666664 0.6890625 0.37916666666666665 0.6890625 0.4 0.684375 0.40625 0.678125 0.4041666666666667 0.675 0.4083333333333333 0.671875 0.39791666666666664 0.6734375 0.375 0.678125 0.3645833333333333 0.684375 0.36666666666666664
5 0.6015625 0.38125 0.6078125 0.38333333333333336 0.609375 0.38958333333333334 0.60625 0.41041666666666665 0.5984375 0.41875 0.5890625 0.41875 0.5875 0.4166666666666667 0.5875 0.4041666666666667 0.59375 0.38333333333333336 0.6 0.38125
5 0.58125 0.45 0.5875 0.4583333333333333 0.5875 0.47291666666666665 0.58125 0.49375 0.5765625 0.5 0.565625 0.49375 0.5625 0.4875 0.56875 0.4666666666666667 0.56875 0.4583333333333333 0.5734375 0.45208333333333334 0.5796875 0.45
5 0.6328125 0.35833333333333334 0.634375 0.36041666666666666 0.634375 0.37083333333333335 0.6296875 0.38125 0.6171875 0.3770833333333333 0.6171875 0.3625 0.6234375 0.35833333333333334 0.63125 0.35833333333333334
5 0.609375 0.44375 0.6109375 0.46875 0.6078125 0.48541666666666666 0.6015625 0.49583333333333335 0.5875 0.49375 0.5859375 0.49166666666666664 0.5859375 0.48125 0.5890625 0.47291666666666665 0.5890625 0.46041666666666664 0.5921875 0.45208333333333334 0.6015625 0.44166666666666665 0.6078125 0.44375
5 0.5796875 0.3729166666666667 0.578125 0.3854166666666667 0.5703125 0.3958333333333333 0.5625 0.38958333333333334 0.5625 0.37916666666666665 0.565625 0.375 0.578125 0.3729166666666667
5 0.5640625 0.3770833333333333 0.5625 0.39166666666666666 0.5578125 0.39375 0.55625 0.39791666666666664 0.553125 0.3958333333333333 0.5546875 0.39375 0.553125 0.38125 0.5578125 0.3770833333333333 0.5625 0.3770833333333333
5 0.6703125 0.465625 0.021875 0.05625
5 0.6875 0.35520833333333335 0.01875 0.027083333333333334
5 0.6125 0.3645833333333333 0.6140625 0.36666666666666664 0.6140625 0.3770833333333333 0.609375 0.38333333333333336 0.5984375 0.38125 0.5984375 0.3729166666666667 0.6 0.36875 0.60625 0.3645833333333333 0.6109375 0.3645833333333333
5 0.63125 0.41041666666666665 0.6296875 0.40625 0.63125 0.38958333333333334 0.6390625 0.37083333333333335 0.6453125 0.3729166666666667 0.646875 0.40625 0.6390625 0.4125 0.6328125 0.41041666666666665
5 0.7046875 0.4354166666666667 0.709375 0.46041666666666664 0.709375 0.4875 0.69375 0.49166666666666664 0.6890625 0.49166666666666664 0.6875 0.4875 0.6890625 0.45625 0.69375 0.4375 0.6953125 0.4354166666666667 0.703125 0.4354166666666667
5 0.5640625 0.45208333333333334 0.5671875 0.4666666666666667 0.5640625 0.475 0.5640625 0.48125 0.55625 0.49583333333333335 0.5546875 0.49375 0.55625 0.4895833333333333 0.5546875 0.4583333333333333 0.559375 0.45 0.5625 0.45208333333333334
5 0.69921875 0.5239583333333333 0.0296875 0.06458333333333334
5 0.675 0.34791666666666665 0.675 0.3645833333333333 0.6703125 0.37083333333333335 0.6578125 0.36875 0.6578125 0.3541666666666667 0.6625 0.34791666666666665 0.6734375 0.34791666666666665
5 0.5953125 0.4979166666666667 0.5984375 0.5 0.5984375 0.5229166666666667 0.5953125 0.53125 0.5953125 0.5416666666666666 0.5875 0.5520833333333334 0.5734375 0.55 0.5703125 0.5416666666666666 0.5703125 0.53125 0.5765625 0.50625 0.5859375 0.4979166666666667 0.59375 0.4979166666666667
5 0.6203125 0.49375 0.625 0.5020833333333333 0.625 0.5145833333333333 0.6203125 0.5416666666666666 0.615625 0.55 0.6015625 0.5479166666666667 0.5984375 0.5395833333333333 0.5984375 0.53125 0.6015625 0.5104166666666666 0.60625 0.49583333333333335 0.609375 0.49166666666666664 0.6171875 0.49166666666666664 0.61875 0.49375
3 0.0671875 0.625 0.1125 0.6208333333333333 0.1234375 0.5 0.078125 0.5145833333333333 0.06875 0.5979166666666667 0.0671875 0.625