5 0.578125 0.13125 0.5796875 0.1375 0.575 0.14375 0.571875 0.14375 0.56875 0.1375 0.571875 0.13125 0.5765625 0.13125
5 0.61875 0.22083333333333333 0.61875 0.20625 0.625 0.18541666666666667 0.63125 0.1875 0.6328125 0.2125 0.63125 0.22083333333333333 0.6203125 0.22083333333333333
5 0.6171875 0.12291666666666666 0.61875 0.12708333333333333 0.6171875 0.13333333333333333 0.6125 0.13958333333333334 0.60625 0.13541666666666666 0.60625 0.125 0.6078125 0.12291666666666666 0.615625 0.12291666666666666
5 0.60546875 0.24375 0.0171875 0.041666666666666664
5 0.5765625 0.22083333333333333 0.5796875 0.22291666666666668 0.5796875 0.23958333333333334 0.578125 0.24166666666666667 0.578125 0.25625 0.575 0.2604166666666667 0.5671875 0.2604166666666667 0.5640625 0.25625 0.5671875 0.23125 0.575 0.22083333333333333
5 0.571875 0.1875 0.5734375 0.18958333333333333 0.5734375 0.20625 0.571875 0.21666666666666667 0.5671875 0.22291666666666668 0.55625 0.22083333333333333 0.55625 0.21458333333333332 0.559375 0.20625 0.5609375 0.19166666666666668 0.565625 0.1875 0.5703125 0.1875
5 0.6125 0.13958333333333334 0.6125 0.15416666666666667 0.6078125 0.16458333333333333 0.6015625 0.1625 0.6015625 0.14583333333333334 0.6046875 0.1375 0.6109375 0.13958333333333334
5 0.6359375 0.13125 0.6390625 0.13958333333333334 0.6390625 0.15625 0.6359375 0.16458333333333333 0.6296875 0.16458333333333333 0.6265625 0.15625 0.628125 0.13958333333333334 0.634375 0.13125
5 0.540625 0.19166666666666668 0.546875 0.19375 0.5421875 0.21875 0.5390625 0.21875 0.540625 0.2125 0.540625 0.2 0.5390625 0.19791666666666666 0.540625 0.19375
5 0.5609375 0.14166666666666666 0.5625 0.14375 0.5625 0.15416666666666667 0.559375 0.17083333333333334 0.55 0.17083333333333334 0.5515625 0.15416666666666667 0.5546875 0.14583333333333334 0.559375 0.14166666666666666
5 0.6046875 0.125 0.6046875 0.13541666666666666 0.6015625 0.14166666666666666 0.5953125 0.13541666666666666 0.59375 0.12916666666666668 0.5984375 0.125 0.603125 0.125
5 0.6078125 0.1875 0.6109375 0.18541666666666667 0.615625 0.1875 0.615625 0.2 0.6171875 0.20208333333333334 0.615625 0.21875 0.6125 0.22291666666666668 0.603125 0.22083333333333333 0.6015625 0.21875 0.603125 0.20416666666666666 0.6078125 0.18958333333333333
5 0.5953125 0.13541666666666666 0.6 0.13958333333333334 0.5984375 0.14166666666666666 0.5984375 0.1625 0.5953125 0.16666666666666666 0.5875 0.16458333333333333 0.5890625 0.14791666666666667 0.5921875 0.1375 0.59375 0.1375
5 0.584375 0.1375 0.5875 0.14166666666666666 0.584375 0.16666666666666666 0.578125 0.16875 0.575 0.16458333333333333 0.5765625 0.14791666666666667 0.5828125 0.13958333333333334
5 0.571875 0.14166666666666666 0.575 0.14375 0.575 0.15208333333333332 0.5734375 0.1625 0.5703125 0.16875 0.5625 0.16875 0.5609375 0.16666666666666666 0.5625 0.15416666666666667 0.565625 0.14583333333333334 0.5703125 0.14166666666666666
5 0.540625 0.22083333333333333 0.546875 0.22083333333333333 0.55 0.22708333333333333 0.546875 0.2520833333333333 0.54375 0.2604166666666667 0.5390625 0.26458333333333334 0.5390625 0.22708333333333333 0.540625 0.22291666666666668
5 0.5875 0.22291666666666668 0.5953125 0.22708333333333333 0.5953125 0.24375 0.590625 0.2604166666666667 0.58125 0.2604166666666667 0.5796875 0.25833333333333336 0.58125 0.23125 0.5859375 0.225
5 0.553125 0.19166666666666668 0.55625 0.19375 0.5546875 0.22083333333333333 0.55 0.225 0.5484375 0.22083333333333333 0.54375 0.21875 0.5453125 0.2 0.546875 0.19583333333333333 0.5515625 0.19375
5 0.61875 0.13333333333333333 0.6234375 0.1375 0.625 0.14583333333333334 0.6234375 0.16041666666666668 0.61875 0.16458333333333333 0.6140625 0.16041666666666668 0.6140625 0.14583333333333334 0.61875 0.13541666666666666
5 0.55625 0.13541666666666666 0.55625 0.14166666666666666 0.553125 0.14791666666666667 0.55 0.14791666666666667 0.5453125 0.14166666666666666 0.5453125 0.1375 0.546875 0.13541666666666666 0.5546875 0.13541666666666666
5 0.61875 0.225 0.6234375 0.22291666666666668 0.6296875 0.225 0.6296875 0.25625 0.6265625 0.26458333333333334 0.6171875 0.26458333333333334 0.6140625 0.2604166666666667 0.6140625 0.25 0.61875 0.22708333333333333
5 0.5734375 0.21875 0.5765625 0.19375 0.5828125 0.1875 0.5875 0.19166666666666668 0.5875 0.2125 0.5828125 0.22083333333333333 0.575 0.21875
5 0.63125 0.11875 0.63125 0.12708333333333333 0.625 0.14166666666666666 0.61875 0.13333333333333333 0.6203125 0.12291666666666666 0.625 0.11875 0.6296875 0.11875
5 0.59609375 0.20625 0.0140625 0.0375
5 0.5421875 0.14583333333333334 0.546875 0.14375 0.5515625 0.15208333333333332 0.5484375 0.16875 0.540625 0.17083333333333334 0.540625 0.15 0.5421875 0.14791666666666667
5 0.5484375 0.2604166666666667 0.5484375 0.23958333333333334 0.5546875 0.225 0.565625 0.225 0.565625 0.2375 0.5609375 0.25833333333333336 0.55625 0.2625 0.55 0.2604166666666667
3 0.1765625 0.3020833333333333 0.2171875 0.3020833333333333 0.209375 0.20416666666666666 0.171875 0.2125 0.1765625 0.3020833333333333